\g(d)\-(21) \g(r)\-(11) \g(r)\-(22) \g(r)\-(33) \g(r)\-(44) Re\g(s)\-(12) Im\g(s)\-(12) Re\g(s)\-(13) Im\g(s)\-(13) Re\g(s)\-(14) Im\g(s)\-(14) Re\g(s)\-(23) Im\g(s)\-(23) Re\g(s)\-(24) Im\g(s)\-(24) Re\g(s)\-(34) Im\g(s)\-(34)
MHz 
delta21 rho11 rho22 rho33 rho44 Re_rho12 Im_rho12 Re_rho13 Im_rho13 Re_rho14 Im_rho14 Re_rho23 Im_rho23 Re_rho24 Im_rho24 Re_rho34 Im_rho34
-160.000000 0.5 4.94481e-07 0.5 4.94481e-07 -0.000497143 -9.41451e-06 0 0 0 0 0 0 0 0 -0.000497143 -9.41451e-06
-159.500000 0.5 4.97659e-07 0.5 4.97659e-07 -0.000498738 -9.43782e-06 0 0 0 0 0 0 0 0 -0.000498738 -9.43782e-06
-159.000000 0.499999 5.00866e-07 0.499999 5.00866e-07 -0.000500341 -9.53495e-06 0 0 0 0 0 0 0 0 -0.000500341 -9.53495e-06
-158.500000 0.499999 5.03955e-07 0.499999 5.03955e-07 -0.000501881 -9.63119e-06 0 0 0 0 0 0 0 0 -0.000501881 -9.63119e-06
-158.000000 0.499999 5.07074e-07 0.499999 5.07074e-07 -0.000503432 -9.65427e-06 0 0 0 0 0 0 0 0 -0.000503432 -9.65427e-06
-157.500000 0.499999 5.10373e-07 0.499999 5.10373e-07 -0.000505067 -9.67941e-06 0 0 0 0 0 0 0 0 -0.000505067 -9.67941e-06
-157.000000 0.499999 5.13703e-07 0.499999 5.13703e-07 -0.00050671 -9.77933e-06 0 0 0 0 0 0 0 0 -0.00050671 -9.77933e-06
-156.500000 0.499999 5.16913e-07 0.499999 5.16913e-07 -0.00050829 -9.87836e-06 0 0 0 0 0 0 0 0 -0.00050829 -9.87836e-06
-156.000000 0.499999 5.20155e-07 0.499999 5.20155e-07 -0.000509881 -9.90331e-06 0 0 0 0 0 0 0 0 -0.000509881 -9.90331e-06
-155.500000 0.499999 5.23581e-07 0.499999 5.23581e-07 -0.000511558 -9.93039e-06 0 0 0 0 0 0 0 0 -0.000511558 -9.93039e-06
-155.000000 0.499999 5.2704e-07 0.499999 5.2704e-07 -0.000513244 -1.00332e-05 0 0 0 0 0 0 0 0 -0.000513244 -1.00332e-05
-154.500000 0.499999 5.30378e-07 0.499999 5.30378e-07 -0.000514865 -1.01352e-05 0 0 0 0 0 0 0 0 -0.000514865 -1.01352e-05
-154.000000 0.499999 5.33748e-07 0.499999 5.33748e-07 -0.000516498 -1.01621e-05 0 0 0 0 0 0 0 0 -0.000516498 -1.01621e-05
-153.500000 0.499999 5.37308e-07 0.499999 5.37308e-07 -0.000518218 -1.01912e-05 0 0 0 0 0 0 0 0 -0.000518218 -1.01912e-05
-153.000000 0.499999 5.40904e-07 0.499999 5.40904e-07 -0.000519947 -1.02971e-05 0 0 0 0 0 0 0 0 -0.000519947 -1.02971e-05
-152.500000 0.499999 5.44375e-07 0.499999 5.44375e-07 -0.000521612 -1.04021e-05 0 0 0 0 0 0 0 0 -0.000521612 -1.04021e-05
-152.000000 0.499999 5.4788e-07 0.499999 5.4788e-07 -0.000523288 -1.04312e-05 0 0 0 0 0 0 0 0 -0.000523288 -1.04312e-05
-151.500000 0.499999 5.51583e-07 0.499999 5.51583e-07 -0.000525054 -1.04625e-05 0 0 0 0 0 0 0 0 -0.000525054 -1.04625e-05
-151.000000 0.499999 5.55321e-07 0.499999 5.55321e-07 -0.000526829 -1.05716e-05 0 0 0 0 0 0 0 0 -0.000526829 -1.05716e-05
-150.500000 0.499999 5.58933e-07 0.499999 5.58933e-07 -0.000528538 -1.06798e-05 0 0 0 0 0 0 0 0 -0.000528538 -1.06798e-05
-150.000000 0.499999 5.62582e-07 0.499999 5.62582e-07 -0.00053026 -1.07111e-05 0 0 0 0 0 0 0 0 -0.00053026 -1.07111e-05
-149.500000 0.499999 5.66433e-07 0.499999 5.66433e-07 -0.000532072 -1.07447e-05 0 0 0 0 0 0 0 0 -0.000532072 -1.07447e-05
-149.000000 0.499999 5.70323e-07 0.499999 5.70323e-07 -0.000533894 -1.08572e-05 0 0 0 0 0 0 0 0 -0.000533894 -1.08572e-05
-148.500000 0.499999 5.74084e-07 0.499999 5.74084e-07 -0.00053565 -1.09688e-05 0 0 0 0 0 0 0 0 -0.00053565 -1.09688e-05
-148.000000 0.499999 5.77883e-07 0.499999 5.77883e-07 -0.00053742 -1.10024e-05 0 0 0 0 0 0 0 0 -0.00053742 -1.10024e-05
-147.500000 0.499999 5.81892e-07 0.499999 5.81892e-07 -0.00053928 -1.10385e-05 0 0 0 0 0 0 0 0 -0.00053928 -1.10385e-05
-147.000000 0.499999 5.85941e-07 0.499999 5.85941e-07 -0.000541152 -1.11545e-05 0 0 0 0 0 0 0 0 -0.000541152 -1.11545e-05
-146.500000 0.499999 5.89859e-07 0.499999 5.89859e-07 -0.000542956 -1.12696e-05 0 0 0 0 0 0 0 0 -0.000542956 -1.12696e-05
-146.000000 0.499999 5.93817e-07 0.499999 5.93817e-07 -0.000544775 -1.13058e-05 0 0 0 0 0 0 0 0 -0.000544775 -1.13058e-05
-145.500000 0.499999 5.97992e-07 0.499999 5.97992e-07 -0.000546687 -1.13444e-05 0 0 0 0 0 0 0 0 -0.000546687 -1.13444e-05
-145.000000 0.499999 6.02209e-07 0.499999 6.02209e-07 -0.00054861 -1.14642e-05 0 0 0 0 0 0 0 0 -0.00054861 -1.14642e-05
-144.500000 0.499999 6.06293e-07 0.499999 6.06293e-07 -0.000550465 -1.15831e-05 0 0 0 0 0 0 0 0 -0.000550465 -1.15831e-05
-144.000000 0.499999 6.10419e-07 0.499999 6.10419e-07 -0.000552335 -1.16219e-05 0 0 0 0 0 0 0 0 -0.000552335 -1.16219e-05
-143.500000 0.499999 6.14769e-07 0.499999 6.14769e-07 -0.000554299 -1.16633e-05 0 0 0 0 0 0 0 0 -0.000554299 -1.16633e-05
-143.000000 0.499999 6.19164e-07 0.499999 6.19164e-07 -0.000556276 -1.1787e-05 0 0 0 0 0 0 0 0 -0.000556276 -1.1787e-05
-142.500000 0.499999 6.23423e-07 0.499999 6.23423e-07 -0.000558184 -1.19098e-05 0 0 0 0 0 0 0 0 -0.000558184 -1.19098e-05
-142.000000 0.499999 6.27727e-07 0.499999 6.27727e-07 -0.000560107 -1.19514e-05 0 0 0 0 0 0 0 0 -0.000560107 -1.19514e-05
-141.500000 0.499999 6.32262e-07 0.499999 6.32262e-07 -0.000562127 -1.19958e-05 0 0 0 0 0 0 0 0 -0.000562127 -1.19958e-05
-141.000000 0.499999 6.36846e-07 0.499999 6.36846e-07 -0.000564159 -1.21235e-05 0 0 0 0 0 0 0 0 -0.000564159 -1.21235e-05
-140.500000 0.499999 6.4129e-07 0.499999 6.4129e-07 -0.000566122 -1.22505e-05 0 0 0 0 0 0 0 0 -0.000566122 -1.22505e-05
-140.000000 0.499999 6.45782e-07 0.499999 6.45782e-07 -0.000568101 -1.22952e-05 0 0 0 0 0 0 0 0 -0.000568101 -1.22952e-05
-139.500000 0.499999 6.50513e-07 0.499999 6.50513e-07 -0.000570178 -1.23426e-05 0 0 0 0 0 0 0 0 -0.000570178 -1.23426e-05
-139.000000 0.499999 6.55295e-07 0.499999 6.55295e-07 -0.000572268 -1.24748e-05 0 0 0 0 0 0 0 0 -0.000572268 -1.24748e-05
-138.500000 0.499999 6.59936e-07 0.499999 6.59936e-07 -0.000574289 -1.26061e-05 0 0 0 0 0 0 0 0 -0.000574289 -1.26061e-05
-138.000000 0.499999 6.64627e-07 0.499999 6.64627e-07 -0.000576327 -1.2654e-05 0 0 0 0 0 0 0 0 -0.000576327 -1.2654e-05
-137.500000 0.499999 6.69566e-07 0.499999 6.69566e-07 -0.000578464 -1.27047e-05 0 0 0 0 0 0 0 0 -0.000578464 -1.27047e-05
-137.000000 0.499999 6.74558e-07 0.499999 6.74558e-07 -0.000580615 -1.28415e-05 0 0 0 0 0 0 0 0 -0.000580615 -1.28415e-05
-136.500000 0.499999 6.79406e-07 0.499999 6.79406e-07 -0.000582695 -1.29774e-05 0 0 0 0 0 0 0 0 -0.000582695 -1.29774e-05
-136.000000 0.499999 6.84309e-07 0.499999 6.84309e-07 -0.000584794 -1.30287e-05 0 0 0 0 0 0 0 0 -0.000584794 -1.30287e-05
-135.500000 0.499999 6.89467e-07 0.499999 6.89467e-07 -0.000586994 -1.3083e-05 0 0 0 0 0 0 0 0 -0.000586994 -1.3083e-05
-135.000000 0.499999 6.94683e-07 0.499999 6.94683e-07 -0.000589208 -1.32246e-05 0 0 0 0 0 0 0 0 -0.000589208 -1.32246e-05
-134.500000 0.499999 6.99752e-07 0.499999 6.99752e-07 -0.000591351 -1.33653e-05 0 0 0 0 0 0 0 0 -0.000591351 -1.33653e-05
-134.000000 0.499999 7.04878e-07 0.499999 7.04878e-07 -0.000593513 -1.34203e-05 0 0 0 0 0 0 0 0 -0.000593513 -1.34203e-05
-133.500000 0.499999 7.10269e-07 0.499999 7.10269e-07 -0.000595778 -1.34784e-05 0 0 0 0 0 0 0 0 -0.000595778 -1.34784e-05
-133.000000 0.499999 7.15722e-07 0.499999 7.15722e-07 -0.000598059 -1.36251e-05 0 0 0 0 0 0 0 0 -0.000598059 -1.36251e-05
-132.500000 0.499999 7.21024e-07 0.499999 7.21024e-07 -0.000600268 -1.3771e-05 0 0 0 0 0 0 0 0 -0.000600268 -1.3771e-05
-132.000000 0.499999 7.26388e-07 0.499999 7.26388e-07 -0.000602496 -1.38299e-05 0 0 0 0 0 0 0 0 -0.000602496 -1.38299e-05
-131.500000 0.499999 7.32027e-07 0.499999 7.32027e-07 -0.00060483 -1.38919e-05 0 0 0 0 0 0 0 0 -0.00060483 -1.38919e-05
-131.000000 0.499999 7.37731e-07 0.499999 7.37731e-07 -0.00060718 -1.40441e-05 0 0 0 0 0 0 0 0 -0.00060718 -1.40441e-05
-130.500000 0.499999 7.43282e-07 0.499999 7.43282e-07 -0.000609458 -1.41954e-05 0 0 0 0 0 0 0 0 -0.000609458 -1.41954e-05
-130.000000 0.499999 7.48898e-07 0.499999 7.48898e-07 -0.000611755 -1.42585e-05 0 0 0 0 0 0 0 0 -0.000611755 -1.42585e-05
-129.500000 0.499999 7.548e-07 0.499999 7.548e-07 -0.000614161 -1.43248e-05 0 0 0 0 0 0 0 0 -0.000614161 -1.43248e-05
-129.000000 0.499999 7.60771e-07 0.499999 7.60771e-07 -0.000616583 -1.44827e-05 0 0 0 0 0 0 0 0 -0.000616583 -1.44827e-05
-128.500000 0.499999 7.66586e-07 0.499999 7.66586e-07 -0.000618933 -1.46398e-05 0 0 0 0 0 0 0 0 -0.000618933 -1.46398e-05
-128.000000 0.499999 7.7247e-07 0.499999 7.7247e-07 -0.000621303 -1.47073e-05 0 0 0 0 0 0 0 0 -0.000621303 -1.47073e-05
-127.500000 0.499999 7.78652e-07 0.499999 7.78652e-07 -0.000623784 -1.47782e-05 0 0 0 0 0 0 0 0 -0.000623784 -1.47782e-05
-127.000000 0.499999 7.84907e-07 0.499999 7.84907e-07 -0.000626282 -1.49421e-05 0 0 0 0 0 0 0 0 -0.000626282 -1.49421e-05
-126.500000 0.499999 7.91004e-07 0.499999 7.91004e-07 -0.000628707 -1.51054e-05 0 0 0 0 0 0 0 0 -0.000628707 -1.51054e-05
-126.000000 0.499999 7.97174e-07 0.499999 7.97174e-07 -0.000631154 -1.51776e-05 0 0 0 0 0 0 0 0 -0.000631154 -1.51776e-05
-125.500000 0.499999 8.03653e-07 0.499999 8.03653e-07 -0.000633713 -1.52534e-05 0 0 0 0 0 0 0 0 -0.000633713 -1.52534e-05
-125.000000 0.499999 8.1021e-07 0.499999 8.1021e-07 -0.000636291 -1.54238e-05 0 0 0 0 0 0 0 0 -0.000636291 -1.54238e-05
-124.500000 0.499999 8.16606e-07 0.499999 8.16606e-07 -0.000638795 -1.55935e-05 0 0 0 0 0 0 0 0 -0.000638795 -1.55935e-05
-124.000000 0.499999 8.23081e-07 0.499999 8.23081e-07 -0.000641322 -1.56709e-05 0 0 0 0 0 0 0 0 -0.000641322 -1.56709e-05
-123.500000 0.499999 8.29877e-07 0.499999 8.29877e-07 -0.000643964 -1.57519e-05 0 0 0 0 0 0 0 0 -0.000643964 -1.57519e-05
-123.000000 0.499999 8.36756e-07 0.499999 8.36756e-07 -0.000646624 -1.59292e-05 0 0 0 0 0 0 0 0 -0.000646624 -1.59292e-05
-122.500000 0.499999 8.43472e-07 0.499999 8.43472e-07 -0.000649211 -1.61058e-05 0 0 0 0 0 0 0 0 -0.000649211 -1.61058e-05
-122.000000 0.499999 8.50271e-07 0.499999 8.50271e-07 -0.000651822 -1.61886e-05 0 0 0 0 0 0 0 0 -0.000651822 -1.61886e-05
-121.500000 0.499999 8.57406e-07 0.499999 8.57406e-07 -0.000654551 -1.62753e-05 0 0 0 0 0 0 0 0 -0.000654551 -1.62753e-05
-121.000000 0.499999 8.64629e-07 0.499999 8.64629e-07 -0.000657299 -1.64598e-05 0 0 0 0 0 0 0 0 -0.000657299 -1.64598e-05
-120.500000 0.499999 8.71686e-07 0.499999 8.71686e-07 -0.000659973 -1.66437e-05 0 0 0 0 0 0 0 0 -0.000659973 -1.66437e-05
-120.000000 0.499999 8.78832e-07 0.499999 8.78832e-07 -0.000662672 -1.67324e-05 0 0 0 0 0 0 0 0 -0.000662672 -1.67324e-05
-119.500000 0.499999 8.86327e-07 0.499999 8.86327e-07 -0.000665491 -1.68251e-05 0 0 0 0 0 0 0 0 -0.000665491 -1.68251e-05
-119.000000 0.499999 8.93917e-07 0.499999 8.93917e-07 -0.000668332 -1.70173e-05 0 0 0 0 0 0 0 0 -0.000668332 -1.70173e-05
-118.500000 0.499999 9.01339e-07 0.499999 9.01339e-07 -0.000671097 -1.7209e-05 0 0 0 0 0 0 0 0 -0.000671097 -1.7209e-05
-118.000000 0.499999 9.08855e-07 0.499999 9.08855e-07 -0.000673889 -1.7304e-05 0 0 0 0 0 0 0 0 -0.000673889 -1.7304e-05
-117.500000 0.499999 9.16736e-07 0.499999 9.16736e-07 -0.000676804 -1.74032e-05 0 0 0 0 0 0 0 0 -0.000676804 -1.74032e-05
-117.000000 0.499999 9.24719e-07 0.499999 9.24719e-07 -0.000679741 -1.76037e-05 0 0 0 0 0 0 0 0 -0.000679741 -1.76037e-05
-116.500000 0.499999 9.3253e-07 0.499999 9.3253e-07 -0.000682603 -1.78037e-05 0 0 0 0 0 0 0 0 -0.000682603 -1.78037e-05
-116.000000 0.499999 9.40443e-07 0.499999 9.40443e-07 -0.000685492 -1.79054e-05 0 0 0 0 0 0 0 0 -0.000685492 -1.79054e-05
-115.500000 0.499999 9.48737e-07 0.499999 9.48737e-07 -0.000688507 -1.80115e-05 0 0 0 0 0 0 0 0 -0.000688507 -1.80115e-05
-115.000000 0.499999 9.5714e-07 0.499999 9.5714e-07 -0.000691546 -1.82208e-05 0 0 0 0 0 0 0 0 -0.000691546 -1.82208e-05
-114.500000 0.499999 9.65369e-07 0.499999 9.65369e-07 -0.000694509 -1.84298e-05 0 0 0 0 0 0 0 0 -0.000694509 -1.84298e-05
-114.000000 0.499999 9.73707e-07 0.499999 9.73707e-07 -0.000697501 -1.85387e-05 0 0 0 0 0 0 0 0 -0.000697501 -1.85387e-05
-113.500000 0.499999 9.82443e-07 0.499999 9.82443e-07 -0.000700623 -1.86523e-05 0 0 0 0 0 0 0 0 -0.000700623 -1.86523e-05
-113.000000 0.499999 9.91296e-07 0.499999 9.91296e-07 -0.000703768 -1.88711e-05 0 0 0 0 0 0 0 0 -0.000703768 -1.88711e-05
-112.500000 0.499999 9.99973e-07 0.499999 9.99973e-07 -0.000706838 -1.90895e-05 0 0 0 0 0 0 0 0 -0.000706838 -1.90895e-05
-112.000000 0.499999 1.00877e-06 0.499999 1.00877e-06 -0.000709938 -1.92063e-05 0 0 0 0 0 0 0 0 -0.000709938 -1.92063e-05
-111.500000 0.499999 1.01798e-06 0.499999 1.01798e-06 -0.000713171 -1.93279e-05 0 0 0 0 0 0 0 0 -0.000713171 -1.93279e-05
-111.000000 0.499999 1.02731e-06 0.499999 1.02731e-06 -0.00071643 -1.95567e-05 0 0 0 0 0 0 0 0 -0.00071643 -1.95567e-05
-110.500000 0.499999 1.03647e-06 0.499999 1.03647e-06 -0.000719612 -1.97853e-05 0 0 0 0 0 0 0 0 -0.000719612 -1.97853e-05
-110.000000 0.499999 1.04575e-06 0.499999 1.04575e-06 -0.000722827 -1.99105e-05 0 0 0 0 0 0 0 0 -0.000722827 -1.99105e-05
-109.500000 0.499999 1.05547e-06 0.499999 1.05547e-06 -0.000726177 -2.00408e-05 0 0 0 0 0 0 0 0 -0.000726177 -2.00408e-05
-109.000000 0.499999 1.06533e-06 0.499999 1.06533e-06 -0.000729555 -2.02804e-05 0 0 0 0 0 0 0 0 -0.000729555 -2.02804e-05
-108.500000 0.499999 1.075e-06 0.499999 1.075e-06 -0.000732857 -2.05198e-05 0 0 0 0 0 0 0 0 -0.000732857 -2.05198e-05
-108.000000 0.499999 1.08481e-06 0.499999 1.08481e-06 -0.000736192 -2.06542e-05 0 0 0 0 0 0 0 0 -0.000736192 -2.06542e-05
-107.500000 0.499999 1.09508e-06 0.499999 1.09508e-06 -0.000739666 -2.07939e-05 0 0 0 0 0 0 0 0 -0.000739666 -2.07939e-05
-107.000000 0.499999 1.10549e-06 0.499999 1.10549e-06 -0.00074317 -2.1045e-05 0 0 0 0 0 0 0 0 -0.00074317 -2.1045e-05
-106.500000 0.499999 1.11573e-06 0.499999 1.11573e-06 -0.000746597 -2.12961e-05 0 0 0 0 0 0 0 0 -0.000746597 -2.12961e-05
-106.000000 0.499999 1.1261e-06 0.499999 1.1261e-06 -0.000750059 -2.14403e-05 0 0 0 0 0 0 0 0 -0.000750059 -2.14403e-05
-105.500000 0.499999 1.13696e-06 0.499999 1.13696e-06 -0.000753665 -2.15902e-05 0 0 0 0 0 0 0 0 -0.000753665 -2.15902e-05
-105.000000 0.499999 1.14797e-06 0.499999 1.14797e-06 -0.000757302 -2.18537e-05 0 0 0 0 0 0 0 0 -0.000757302 -2.18537e-05
-104.500000 0.499999 1.15881e-06 0.499999 1.15881e-06 -0.000760862 -2.21173e-05 0 0 0 0 0 0 0 0 -0.000760862 -2.21173e-05
-104.000000 0.499999 1.16979e-06 0.499999 1.16979e-06 -0.000764459 -2.22721e-05 0 0 0 0 0 0 0 0 -0.000764459 -2.22721e-05
-103.500000 0.499999 1.18129e-06 0.499999 1.18129e-06 -0.000768204 -2.2433e-05 0 0 0 0 0 0 0 0 -0.000768204 -2.2433e-05
-103.000000 0.499999 1.19295e-06 0.499999 1.19295e-06 -0.000771982 -2.27099e-05 0 0 0 0 0 0 0 0 -0.000771982 -2.27099e-05
-102.500000 0.499999 1.20443e-06 0.499999 1.20443e-06 -0.000775682 -2.29869e-05 0 0 0 0 0 0 0 0 -0.000775682 -2.29869e-05
-102.000000 0.499999 1.21608e-06 0.499999 1.21608e-06 -0.000779422 -2.31533e-05 0 0 0 0 0 0 0 0 -0.000779422 -2.31533e-05
-101.500000 0.499999 1.22826e-06 0.499999 1.22826e-06 -0.000783314 -2.33261e-05 0 0 0 0 0 0 0 0 -0.000783314 -2.33261e-05
-101.000000 0.499999 1.24062e-06 0.499999 1.24062e-06 -0.000787241 -2.36173e-05 0 0 0 0 0 0 0 0 -0.000787241 -2.36173e-05
-100.500000 0.499999 1.2528e-06 0.499999 1.2528e-06 -0.000791091 -2.39089e-05 0 0 0 0 0 0 0 0 -0.000791091 -2.39089e-05
-100.000000 0.499999 1.26516e-06 0.499999 1.26516e-06 -0.000794982 -2.40879e-05 0 0 0 0 0 0 0 0 -0.000794982 -2.40879e-05
-99.500000 0.499999 1.27808e-06 0.499999 1.27808e-06 -0.00079903 -2.42735e-05 0 0 0 0 0 0 0 0 -0.00079903 -2.42735e-05
-99.000000 0.499999 1.2912e-06 0.499999 1.2912e-06 -0.000803115 -2.45803e-05 0 0 0 0 0 0 0 0 -0.000803115 -2.45803e-05
-98.500000 0.499999 1.30414e-06 0.499999 1.30414e-06 -0.000807123 -2.48876e-05 0 0 0 0 0 0 0 0 -0.000807123 -2.48876e-05
-98.000000 0.499999 1.31728e-06 0.499999 1.31728e-06 -0.000811176 -2.50801e-05 0 0 0 0 0 0 0 0 -0.000811176 -2.50801e-05
-97.500000 0.499999 1.331e-06 0.499999 1.331e-06 -0.000815389 -2.52798e-05 0 0 0 0 0 0 0 0 -0.000815389 -2.52798e-05
-97.000000 0.499999 1.34495e-06 0.499999 1.34495e-06 -0.000819642 -2.56033e-05 0 0 0 0 0 0 0 0 -0.000819642 -2.56033e-05
-96.500000 0.499999 1.35871e-06 0.499999 1.35871e-06 -0.000823818 -2.59276e-05 0 0 0 0 0 0 0 0 -0.000823818 -2.59276e-05
-96.000000 0.499999 1.37268e-06 0.499999 1.37268e-06 -0.000828042 -2.6135e-05 0 0 0 0 0 0 0 0 -0.000828042 -2.6135e-05
-95.500000 0.499999 1.38728e-06 0.499999 1.38728e-06 -0.000832431 -2.635e-05 0 0 0 0 0 0 0 0 -0.000832431 -2.635e-05
-95.000000 0.499999 1.40211e-06 0.499999 1.40211e-06 -0.000836863 -2.66916e-05 0 0 0 0 0 0 0 0 -0.000836863 -2.66916e-05
-94.500000 0.499999 1.41677e-06 0.499999 1.41677e-06 -0.000841218 -2.70342e-05 0 0 0 0 0 0 0 0 -0.000841218 -2.70342e-05
-94.000000 0.499999 1.43165e-06 0.499999 1.43165e-06 -0.000845623 -2.72578e-05 0 0 0 0 0 0 0 0 -0.000845623 -2.72578e-05
-93.500000 0.499999 1.4472e-06 0.499999 1.4472e-06 -0.0008502 -2.74894e-05 0 0 0 0 0 0 0 0 -0.0008502 -2.74894e-05
-93.000000 0.499999 1.463e-06 0.499999 1.463e-06 -0.000854822 -2.78507e-05 0 0 0 0 0 0 0 0 -0.000854822 -2.78507e-05
-92.500000 0.499999 1.47863e-06 0.499999 1.47863e-06 -0.000859368 -2.82133e-05 0 0 0 0 0 0 0 0 -0.000859368 -2.82133e-05
-92.000000 0.499999 1.49451e-06 0.499999 1.49451e-06 -0.000863967 -2.84545e-05 0 0 0 0 0 0 0 0 -0.000863967 -2.84545e-05
-91.500000 0.499998 1.51109e-06 0.499998 1.51109e-06 -0.000868743 -2.87044e-05 0 0 0 0 0 0 0 0 -0.000868743 -2.87044e-05
-91.000000 0.499998 1.52794e-06 0.499998 1.52794e-06 -0.000873568 -2.9087e-05 0 0 0 0 0 0 0 0 -0.000873568 -2.9087e-05
-90.500000 0.499998 1.54463e-06 0.499998 1.54463e-06 -0.000878317 -2.94712e-05 0 0 0 0 0 0 0 0 -0.000878317 -2.94712e-05
-90.000000 0.499998 1.56159e-06 0.499998 1.56159e-06 -0.000883123 -2.97317e-05 0 0 0 0 0 0 0 0 -0.000883123 -2.97317e-05
-89.500000 0.499998 1.5793e-06 0.499998 1.5793e-06 -0.000888113 -3.00015e-05 0 0 0 0 0 0 0 0 -0.000888113 -3.00015e-05
-89.000000 0.499998 1.59731e-06 0.499998 1.59731e-06 -0.000893154 -3.04074e-05 0 0 0 0 0 0 0 0 -0.000893154 -3.04074e-05
-88.500000 0.499998 1.61515e-06 0.499998 1.61515e-06 -0.00089812 -3.08152e-05 0 0 0 0 0 0 0 0 -0.00089812 -3.08152e-05
-88.000000 0.499998 1.63329e-06 0.499998 1.63329e-06 -0.000903146 -3.10969e-05 0 0 0 0 0 0 0 0 -0.000903146 -3.10969e-05
-87.500000 0.499998 1.65223e-06 0.499998 1.65223e-06 -0.000908364 -3.13886e-05 0 0 0 0 0 0 0 0 -0.000908364 -3.13886e-05
-87.000000 0.499998 1.6715e-06 0.499998 1.6715e-06 -0.000913636 -3.18198e-05 0 0 0 0 0 0 0 0 -0.000913636 -3.18198e-05
-86.500000 0.499998 1.69061e-06 0.499998 1.69061e-06 -0.000918835 -3.22533e-05 0 0 0 0 0 0 0 0 -0.000918835 -3.22533e-05
-86.000000 0.499998 1.71005e-06 0.499998 1.71005e-06 -0.000924098 -3.25583e-05 0 0 0 0 0 0 0 0 -0.000924098 -3.25583e-05
-85.500000 0.499998 1.73033e-06 0.499998 1.73033e-06 -0.000929559 -3.28739e-05 0 0 0 0 0 0 0 0 -0.000929559 -3.28739e-05
-85.000000 0.499998 1.75098e-06 0.499998 1.75098e-06 -0.00093508 -3.33329e-05 0 0 0 0 0 0 0 0 -0.00093508 -3.33329e-05
-84.500000 0.499998 1.77148e-06 0.499998 1.77148e-06 -0.000940527 -3.37946e-05 0 0 0 0 0 0 0 0 -0.000940527 -3.37946e-05
-84.000000 0.499998 1.79234e-06 0.499998 1.79234e-06 -0.000946044 -3.41251e-05 0 0 0 0 0 0 0 0 -0.000946044 -3.41251e-05
-83.500000 0.499998 1.81411e-06 0.499998 1.81411e-06 -0.000951766 -3.44671e-05 0 0 0 0 0 0 0 0 -0.000951766 -3.44671e-05
-83.000000 0.499998 1.83627e-06 0.499998 1.83627e-06 -0.000957552 -3.49565e-05 0 0 0 0 0 0 0 0 -0.000957552 -3.49565e-05
-82.500000 0.499998 1.85829e-06 0.499998 1.85829e-06 -0.000963266 -3.5449e-05 0 0 0 0 0 0 0 0 -0.000963266 -3.5449e-05
-82.000000 0.499998 1.88071e-06 0.499998 1.88071e-06 -0.000969055 -3.58077e-05 0 0 0 0 0 0 0 0 -0.000969055 -3.58077e-05
-81.500000 0.499998 1.90411e-06 0.499998 1.90411e-06 -0.000975058 -3.61789e-05 0 0 0 0 0 0 0 0 -0.000975058 -3.61789e-05
-81.000000 0.499998 1.92794e-06 0.499998 1.92794e-06 -0.00098113 -3.67016e-05 0 0 0 0 0 0 0 0 -0.00098113 -3.67016e-05
-80.500000 0.499998 1.95164e-06 0.499998 1.95164e-06 -0.000987131 -3.7228e-05 0 0 0 0 0 0 0 0 -0.000987131 -3.7228e-05
-80.000000 0.499998 1.97579e-06 0.499998 1.97579e-06 -0.000993213 -3.76179e-05 0 0 0 0 0 0 0 0 -0.000993213 -3.76179e-05
-79.500000 0.499998 2.00098e-06 0.499998 2.00098e-06 -0.000999517 -3.80213e-05 0 0 0 0 0 0 0 0 -0.000999517 -3.80213e-05
-79.000000 0.499998 2.02665e-06 0.499998 2.02665e-06 -0.0010059 -3.85806e-05 0 0 0 0 0 0 0 0 -0.0010059 -3.85806e-05
-78.500000 0.499998 2.05221e-06 0.499998 2.05221e-06 -0.00101221 -3.91443e-05 0 0 0 0 0 0 0 0 -0.00101221 -3.91443e-05
-78.000000 0.499998 2.07825e-06 0.499998 2.07825e-06 -0.0010186 -3.95688e-05 0 0 0 0 0 0 0 0 -0.0010186 -3.95688e-05
-77.500000 0.499998 2.10543e-06 0.499998 2.10543e-06 -0.00102523 -4.00079e-05 0 0 0 0 0 0 0 0 -0.00102523 -4.00079e-05
-77.000000 0.499998 2.13313e-06 0.499998 2.13313e-06 -0.00103194 -4.06076e-05 0 0 0 0 0 0 0 0 -0.00103194 -4.06076e-05
-76.500000 0.499998 2.16074e-06 0.499998 2.16074e-06 -0.00103859 -4.12126e-05 0 0 0 0 0 0 0 0 -0.00103859 -4.12126e-05
-76.000000 0.499998 2.1889e-06 0.499998 2.1889e-06 -0.00104532 -4.16754e-05 0 0 0 0 0 0 0 0 -0.00104532 -4.16754e-05
-75.500000 0.499998 2.21827e-06 0.499998 2.21827e-06 -0.00105231 -4.21542e-05 0 0 0 0 0 0 0 0 -0.00105231 -4.21542e-05
-75.000000 0.499998 2.24822e-06 0.499998 2.24822e-06 -0.00105937 -4.27987e-05 0 0 0 0 0 0 0 0 -0.00105937 -4.27987e-05
-74.500000 0.499998 2.27812e-06 0.499998 2.27812e-06 -0.00106638 -4.34492e-05 0 0 0 0 0 0 0 0 -0.00106638 -4.34492e-05
-74.000000 0.499998 2.30861e-06 0.499998 2.30861e-06 -0.00107348 -4.39547e-05 0 0 0 0 0 0 0 0 -0.00107348 -4.39547e-05
-73.500000 0.499998 2.34042e-06 0.499998 2.34042e-06 -0.00108084 -4.44777e-05 0 0 0 0 0 0 0 0 -0.00108084 -4.44777e-05
-73.000000 0.499998 2.37288e-06 0.499998 2.37288e-06 -0.0010883 -4.51718e-05 0 0 0 0 0 0 0 0 -0.0010883 -4.51718e-05
-72.500000 0.499998 2.40532e-06 0.499998 2.40532e-06 -0.00109569 -4.5873e-05 0 0 0 0 0 0 0 0 -0.00109569 -4.5873e-05
-72.000000 0.499998 2.43842e-06 0.499998 2.43842e-06 -0.0011032 -4.64262e-05 0 0 0 0 0 0 0 0 -0.0011032 -4.64262e-05
-71.500000 0.499998 2.47295e-06 0.499998 2.47295e-06 -0.00111097 -4.69985e-05 0 0 0 0 0 0 0 0 -0.00111097 -4.69985e-05
-71.000000 0.499997 2.5082e-06 0.499997 2.5082e-06 -0.00111884 -4.77478e-05 0 0 0 0 0 0 0 0 -0.00111884 -4.77478e-05
-70.500000 0.499997 2.54347e-06 0.499997 2.54347e-06 -0.00112666 -4.85054e-05 0 0 0 0 0 0 0 0 -0.00112666 -4.85054e-05
-70.000000 0.499997 2.57948e-06 0.499997 2.57948e-06 -0.0011346 -4.9112e-05 0 0 0 0 0 0 0 0 -0.0011346 -4.9112e-05
-69.500000 0.499997 2.61705e-06 0.499997 2.61705e-06 -0.00114282 -4.97395e-05 0 0 0 0 0 0 0 0 -0.00114282 -4.97395e-05
-69.000000 0.499997 2.65543e-06 0.499997 2.65543e-06 -0.00115115 -5.05505e-05 0 0 0 0 0 0 0 0 -0.00115115 -5.05505e-05
-68.500000 0.499997 2.69386e-06 0.499997 2.69386e-06 -0.00115943 -5.13711e-05 0 0 0 0 0 0 0 0 -0.00115943 -5.13711e-05
-68.000000 0.499997 2.73314e-06 0.499997 2.73314e-06 -0.00116784 -5.20376e-05 0 0 0 0 0 0 0 0 -0.00116784 -5.20376e-05
-67.500000 0.499997 2.77411e-06 0.499997 2.77411e-06 -0.00117655 -5.27272e-05 0 0 0 0 0 0 0 0 -0.00117655 -5.27272e-05
-67.000000 0.499997 2.816e-06 0.499997 2.816e-06 -0.00118537 -5.36071e-05 0 0 0 0 0 0 0 0 -0.00118537 -5.36071e-05
-66.500000 0.499997 2.85799e-06 0.499997 2.85799e-06 -0.00119416 -5.44983e-05 0 0 0 0 0 0 0 0 -0.00119416 -5.44983e-05
-66.000000 0.499997 2.90094e-06 0.499997 2.90094e-06 -0.00120308 -5.52324e-05 0 0 0 0 0 0 0 0 -0.00120308 -5.52324e-05
-65.500000 0.499997 2.94574e-06 0.499997 2.94574e-06 -0.00121232 -5.59921e-05 0 0 0 0 0 0 0 0 -0.00121232 -5.59921e-05
-65.000000 0.499997 2.99157e-06 0.499997 2.99157e-06 -0.00122169 -5.69495e-05 0 0 0 0 0 0 0 0 -0.00122169 -5.69495e-05
-64.500000 0.499997 3.03758e-06 0.499997 3.03758e-06 -0.00123102 -5.79201e-05 0 0 0 0 0 0 0 0 -0.00123102 -5.79201e-05
-64.000000 0.499997 3.08467e-06 0.499997 3.08467e-06 -0.00124051 -5.87305e-05 0 0 0 0 0 0 0 0 -0.00124051 -5.87305e-05
-63.500000 0.499997 3.13379e-06 0.499997 3.13379e-06 -0.00125033 -5.95694e-05 0 0 0 0 0 0 0 0 -0.00125033 -5.95694e-05
-63.000000 0.499997 3.18408e-06 0.499997 3.18408e-06 -0.0012603 -6.06142e-05 0 0 0 0 0 0 0 0 -0.0012603 -6.06142e-05
-62.500000 0.499997 3.23463e-06 0.499997 3.23463e-06 -0.00127023 -6.16744e-05 0 0 0 0 0 0 0 0 -0.00127023 -6.16744e-05
-62.000000 0.499997 3.28641e-06 0.499997 3.28641e-06 -0.00128034 -6.25714e-05 0 0 0 0 0 0 0 0 -0.00128034 -6.25714e-05
-61.500000 0.499997 3.34042e-06 0.499997 3.34042e-06 -0.0012908 -6.35003e-05 0 0 0 0 0 0 0 0 -0.0012908 -6.35003e-05
-61.000000 0.499997 3.39577e-06 0.499997 3.39577e-06 -0.00130142 -6.4644e-05 0 0 0 0 0 0 0 0 -0.00130142 -6.4644e-05
-60.500000 0.499997 3.45148e-06 0.499997 3.45148e-06 -0.00131202 -6.58058e-05 0 0 0 0 0 0 0 0 -0.00131202 -6.58058e-05
-60.000000 0.499996 3.50858e-06 0.499996 3.50858e-06 -0.0013228 -6.68016e-05 0 0 0 0 0 0 0 0 -0.0013228 -6.68016e-05
-59.500000 0.499996 3.56817e-06 0.499996 3.56817e-06 -0.00133396 -6.7833e-05 0 0 0 0 0 0 0 0 -0.00133396 -6.7833e-05
-59.000000 0.499996 3.62927e-06 0.499996 3.62927e-06 -0.0013453 -6.90892e-05 0 0 0 0 0 0 0 0 -0.0013453 -6.90892e-05
-58.500000 0.499996 3.69087e-06 0.499996 3.69087e-06 -0.00135663 -7.03666e-05 0 0 0 0 0 0 0 0 -0.00135663 -7.03666e-05
-58.000000 0.499996 3.75405e-06 0.499996 3.75405e-06 -0.00136817 -7.14752e-05 0 0 0 0 0 0 0 0 -0.00136817 -7.14752e-05
-57.500000 0.499996 3.82e-06 0.499996 3.82e-06 -0.00138011 -7.2624e-05 0 0 0 0 0 0 0 0 -0.00138011 -7.2624e-05
-57.000000 0.499996 3.88769e-06 0.499996 3.88769e-06 -0.00139224 -7.40086e-05 0 0 0 0 0 0 0 0 -0.00139224 -7.40086e-05
-56.500000 0.499996 3.95603e-06 0.499996 3.95603e-06 -0.00140438 -7.54182e-05 0 0 0 0 0 0 0 0 -0.00140438 -7.54182e-05
-56.000000 0.499996 4.02619e-06 0.499996 4.02619e-06 -0.00141675 -7.66565e-05 0 0 0 0 0 0 0 0 -0.00141675 -7.66565e-05
-55.500000 0.499996 4.09944e-06 0.499996 4.09944e-06 -0.00142955 -7.79404e-05 0 0 0 0 0 0 0 0 -0.00142955 -7.79404e-05
-55.000000 0.499996 4.1747e-06 0.499996 4.1747e-06 -0.00144257 -7.94722e-05 0 0 0 0 0 0 0 0 -0.00144257 -7.94722e-05
-54.500000 0.499996 4.25079e-06 0.499996 4.25079e-06 -0.00145561 -8.10336e-05 0 0 0 0 0 0 0 0 -0.00145561 -8.10336e-05
-54.000000 0.499996 4.32899e-06 0.499996 4.32899e-06 -0.0014689 -8.24217e-05 0 0 0 0 0 0 0 0 -0.0014689 -8.24217e-05
-53.500000 0.499996 4.41067e-06 0.499996 4.41067e-06 -0.00148265 -8.38616e-05 0 0 0 0 0 0 0 0 -0.00148265 -8.38616e-05
-53.000000 0.499996 4.49467e-06 0.499996 4.49467e-06 -0.00149665 -8.55632e-05 0 0 0 0 0 0 0 0 -0.00149665 -8.55632e-05
-52.500000 0.499995 4.57973e-06 0.499995 4.57973e-06 -0.0015107 -8.73e-05 0 0 0 0 0 0 0 0 -0.0015107 -8.73e-05
-52.000000 0.499995 4.66723e-06 0.499995 4.66723e-06 -0.00152502 -8.88617e-05 0 0 0 0 0 0 0 0 -0.00152502 -8.88617e-05
-51.500000 0.499995 4.75868e-06 0.499995 4.75868e-06 -0.00153984 -9.0483e-05 0 0 0 0 0 0 0 0 -0.00153984 -9.0483e-05
-51.000000 0.499995 4.85283e-06 0.499995 4.85283e-06 -0.00155494 -9.23815e-05 0 0 0 0 0 0 0 0 -0.00155494 -9.23815e-05
-50.500000 0.499995 4.94833e-06 0.499995 4.94833e-06 -0.0015701 -9.43218e-05 0 0 0 0 0 0 0 0 -0.0015701 -9.43218e-05
-50.000000 0.499995 5.04668e-06 0.499995 5.04668e-06 -0.00158558 -9.60862e-05 0 0 0 0 0 0 0 0 -0.00158558 -9.60862e-05
-49.500000 0.499995 5.14952e-06 0.499995 5.14952e-06 -0.0016016 -9.79192e-05 0 0 0 0 0 0 0 0 -0.0016016 -9.79192e-05
-49.000000 0.499995 5.25551e-06 0.499995 5.25551e-06 -0.00161793 -0.000100047 0 0 0 0 0 0 0 0 -0.00161793 -0.000100047
-48.500000 0.499995 5.36322e-06 0.499995 5.36322e-06 -0.00163435 -0.000102225 0 0 0 0 0 0 0 0 -0.00163435 -0.000102225
-48.000000 0.499995 5.47428e-06 0.499995 5.47428e-06 -0.00165113 -0.000104228 0 0 0 0 0 0 0 0 -0.00165113 -0.000104228
-47.500000 0.499994 5.59049e-06 0.499994 5.59049e-06 -0.0016685 -0.000106309 0 0 0 0 0 0 0 0 -0.0016685 -0.000106309
-47.000000 0.499994 5.71041e-06 0.499994 5.71041e-06 -0.00168622 -0.000108707 0 0 0 0 0 0 0 0 -0.00168622 -0.000108707
-46.500000 0.499994 5.83249e-06 0.499994 5.83249e-06 -0.00170406 -0.000111164 0 0 0 0 0 0 0 0 -0.00170406 -0.000111164
-46.000000 0.499994 5.95855e-06 0.499994 5.95855e-06 -0.0017223 -0.000113448 0 0 0 0 0 0 0 0 -0.0017223 -0.000113448
-45.500000 0.499994 6.09053e-06 0.499994 6.09053e-06 -0.0017412 -0.000115824 0 0 0 0 0 0 0 0 -0.0017412 -0.000115824
-45.000000 0.499994 6.22693e-06 0.499994 6.22693e-06 -0.00176049 -0.00011854 0 0 0 0 0 0 0 0 -0.00176049 -0.00011854
-44.500000 0.499994 6.36606e-06 0.499994 6.36606e-06 -0.00177995 -0.000121328 0 0 0 0 0 0 0 0 -0.00177995 -0.000121328
-44.000000 0.499993 6.50991e-06 0.499993 6.50991e-06 -0.00179986 -0.000123945 0 0 0 0 0 0 0 0 -0.00179986 -0.000123945
-43.500000 0.499993 6.66067e-06 0.499993 6.66067e-06 -0.00182049 -0.000126673 0 0 0 0 0 0 0 0 -0.00182049 -0.000126673
-43.000000 0.499993 6.8167e-06 0.499993 6.8167e-06 -0.00184158 -0.000129767 0 0 0 0 0 0 0 0 -0.00184158 -0.000129767
-42.500000 0.499993 6.97619e-06 0.499993 6.97619e-06 -0.00186288 -0.00013295 0 0 0 0 0 0 0 0 -0.00186288 -0.00013295
-42.000000 0.499993 7.14136e-06 0.499993 7.14136e-06 -0.0018847 -0.000135968 0 0 0 0 0 0 0 0 -0.0018847 -0.000135968
-41.500000 0.499993 7.31463e-06 0.499993 7.31463e-06 -0.00190732 -0.000139116 0 0 0 0 0 0 0 0 -0.00190732 -0.000139116
-41.000000 0.499993 7.49424e-06 0.499993 7.49424e-06 -0.00193045 -0.000142665 0 0 0 0 0 0 0 0 -0.00193045 -0.000142665
-40.500000 0.499992 7.67826e-06 0.499992 7.67826e-06 -0.00195387 -0.000146323 0 0 0 0 0 0 0 0 -0.00195387 -0.000146323
-40.000000 0.499992 7.86915e-06 0.499992 7.86915e-06 -0.00197788 -0.000149825 0 0 0 0 0 0 0 0 -0.00197788 -0.000149825
-39.500000 0.499992 8.06963e-06 0.499992 8.06963e-06 -0.00200278 -0.000153483 0 0 0 0 0 0 0 0 -0.00200278 -0.000153483
-39.000000 0.499992 8.27784e-06 0.499992 8.27784e-06 -0.00202829 -0.000157582 0 0 0 0 0 0 0 0 -0.00202829 -0.000157582
-38.500000 0.499992 8.49166e-06 0.499992 8.49166e-06 -0.00205414 -0.000161815 0 0 0 0 0 0 0 0 -0.00205414 -0.000161815
-38.000000 0.499991 8.71388e-06 0.499991 8.71388e-06 -0.00208069 -0.000165908 0 0 0 0 0 0 0 0 -0.00208069 -0.000165908
-37.500000 0.499991 8.94759e-06 0.499991 8.94759e-06 -0.00210824 -0.00017019 0 0 0 0 0 0 0 0 -0.00210824 -0.00017019
-37.000000 0.499991 9.19077e-06 0.499991 9.19077e-06 -0.00213649 -0.000174961 0 0 0 0 0 0 0 0 -0.00213649 -0.000174961
-36.500000 0.499991 9.44117e-06 0.499991 9.44117e-06 -0.00216519 -0.0001799 0 0 0 0 0 0 0 0 -0.00216519 -0.0001799
-36.000000 0.49999 9.70195e-06 0.49999 9.70195e-06 -0.00219469 -0.00018472 0 0 0 0 0 0 0 0 -0.00219469 -0.00018472
-35.500000 0.49999 9.97663e-06 0.49999 9.97663e-06 -0.00222533 -0.000189772 0 0 0 0 0 0 0 0 -0.00222533 -0.000189772
-35.000000 0.49999 1.02631e-05 0.49999 1.02631e-05 -0.0022568 -0.000195374 0 0 0 0 0 0 0 0 -0.0022568 -0.000195374
-34.500000 0.499989 1.05589e-05 0.499989 1.05589e-05 -0.00228883 -0.000201188 0 0 0 0 0 0 0 0 -0.00228883 -0.000201188
-34.000000 0.499989 1.08676e-05 0.499989 1.08676e-05 -0.0023218 -0.000206914 0 0 0 0 0 0 0 0 -0.0023218 -0.000206914
-33.500000 0.499989 1.11934e-05 0.499989 1.11934e-05 -0.00235608 -0.000212928 0 0 0 0 0 0 0 0 -0.00235608 -0.000212928
-33.000000 0.499988 1.1534e-05 0.499988 1.1534e-05 -0.00239134 -0.000219568 0 0 0 0 0 0 0 0 -0.00239134 -0.000219568
-32.500000 0.499988 1.18868e-05 0.499988 1.18868e-05 -0.00242731 -0.000226479 0 0 0 0 0 0 0 0 -0.00242731 -0.000226479
-32.000000 0.499988 1.2256e-05 0.499988 1.2256e-05 -0.0024644 -0.000233348 0 0 0 0 0 0 0 0 -0.0024644 -0.000233348
-31.500000 0.499987 1.26464e-05 0.499987 1.26464e-05 -0.002503 -0.000240579 0 0 0 0 0 0 0 0 -0.002503 -0.000240579
-31.000000 0.499987 1.30557e-05 0.499987 1.30557e-05 -0.00254278 -0.000248535 0 0 0 0 0 0 0 0 -0.00254278 -0.000248535
-30.500000 0.499987 1.3481e-05 0.499987 1.3481e-05 -0.00258344 -0.000256842 0 0 0 0 0 0 0 0 -0.00258344 -0.000256842
-30.000000 0.499986 1.39275e-05 0.499986 1.39275e-05 -0.00262546 -0.000265172 0 0 0 0 0 0 0 0 -0.00262546 -0.000265172
-29.500000 0.499986 1.44007e-05 0.499986 1.44007e-05 -0.00266925 -0.000273965 0 0 0 0 0 0 0 0 -0.00266925 -0.000273965
-29.000000 0.499985 1.48983e-05 0.499985 1.48983e-05 -0.00271446 -0.000283613 0 0 0 0 0 0 0 0 -0.00271446 -0.000283613
-28.500000 0.499985 1.54175e-05 0.499985 1.54175e-05 -0.00276079 -0.000293721 0 0 0 0 0 0 0 0 -0.00276079 -0.000293721
-28.000000 0.499984 1.59642e-05 0.499984 1.59642e-05 -0.00280877 -0.00030395 0 0 0 0 0 0 0 0 -0.00280877 -0.00030395
-27.500000 0.499983 1.65453e-05 0.499983 1.65453e-05 -0.00285885 -0.000314781 0 0 0 0 0 0 0 0 -0.00285885 -0.000314781
-27.000000 0.499983 1.71586e-05 0.499983 1.71586e-05 -0.00291067 -0.000326641 0 0 0 0 0 0 0 0 -0.00291067 -0.000326641
-26.500000 0.499982 1.78011e-05 0.499982 1.78011e-05 -0.00296394 -0.000339116 0 0 0 0 0 0 0 0 -0.00296394 -0.000339116
-26.000000 0.499982 1.84803e-05 0.499982 1.84803e-05 -0.00301922 -0.000351856 0 0 0 0 0 0 0 0 -0.00301922 -0.000351856
-25.500000 0.499981 1.92047e-05 0.499981 1.92047e-05 -0.00307703 -0.000365394 0 0 0 0 0 0 0 0 -0.00307703 -0.000365394
-25.000000 0.49998 1.99722e-05 0.49998 1.99722e-05 -0.003137 -0.000380203 0 0 0 0 0 0 0 0 -0.003137 -0.000380203
-24.500000 0.499979 2.07802e-05 0.499979 2.07802e-05 -0.00319884 -0.000395849 0 0 0 0 0 0 0 0 -0.00319884 -0.000395849
-24.000000 0.499978 2.16381e-05 0.499978 2.16381e-05 -0.00326319 -0.000411979 0 0 0 0 0 0 0 0 -0.00326319 -0.000411979
-23.500000 0.499977 2.25566e-05 0.499977 2.25566e-05 -0.00333063 -0.00042919 0 0 0 0 0 0 0 0 -0.00333063 -0.00042919
-23.000000 0.499976 2.35345e-05 0.499976 2.35345e-05 -0.0034008 -0.000448016 0 0 0 0 0 0 0 0 -0.0034008 -0.000448016
-22.500000 0.499975 2.45696e-05 0.499975 2.45696e-05 -0.00347341 -0.000468011 0 0 0 0 0 0 0 0 -0.00347341 -0.000468011
-22.000000 0.499974 2.56741e-05 0.499974 2.56741e-05 -0.0035492 -0.000488823 0 0 0 0 0 0 0 0 -0.0035492 -0.000488823
-21.500000 0.499973 2.68624e-05 0.499973 2.68624e-05 -0.00362884 -0.000511142 0 0 0 0 0 0 0 0 -0.00362884 -0.000511142
-21.000000 0.499972 2.81344e-05 0.499972 2.81344e-05 -0.00371198 -0.000535584 0 0 0 0 0 0 0 0 -0.00371198 -0.000535584
-20.500000 0.499971 2.94894e-05 0.499971 2.94894e-05 -0.00379835 -0.000561699 0 0 0 0 0 0 0 0 -0.00379835 -0.000561699
-20.000000 0.499969 3.09441e-05 0.499969 3.09441e-05 -0.00388883 -0.00058916 0 0 0 0 0 0 0 0 -0.00388883 -0.00058916
-19.500000 0.499967 3.25179e-05 0.499967 3.25179e-05 -0.00398421 -0.000618786 0 0 0 0 0 0 0 0 -0.00398421 -0.000618786
-19.000000 0.499966 3.42137e-05 0.499966 3.42137e-05 -0.00408415 -0.000651313 0 0 0 0 0 0 0 0 -0.00408415 -0.000651313
-18.500000 0.499964 3.60336e-05 0.499964 3.60336e-05 -0.00418846 -0.000686317 0 0 0 0 0 0 0 0 -0.00418846 -0.000686317
-18.000000 0.499962 3.80015e-05 0.499962 3.80015e-05 -0.00429818 -0.00072353 0 0 0 0 0 0 0 0 -0.00429818 -0.00072353
-17.500000 0.49996 4.01454e-05 0.49996 4.01454e-05 -0.00441428 -0.000763967 0 0 0 0 0 0 0 0 -0.00441428 -0.000763967
-17.000000 0.499958 4.24737e-05 0.499958 4.24737e-05 -0.00453646 -0.000808555 0 0 0 0 0 0 0 0 -0.00453646 -0.000808555
-16.500000 0.499955 4.49946e-05 0.499955 4.49946e-05 -0.00466464 -0.000856952 0 0 0 0 0 0 0 0 -0.00466464 -0.000856952
-16.000000 0.499952 4.77443e-05 0.499952 4.77443e-05 -0.00480013 -0.000909028 0 0 0 0 0 0 0 0 -0.00480013 -0.000909028
-15.500000 0.499949 5.07658e-05 0.499949 5.07658e-05 -0.00494412 -0.00096612 0 0 0 0 0 0 0 0 -0.00494412 -0.00096612
-15.000000 0.499946 5.4079e-05 0.499946 5.4079e-05 -0.00509645 -0.00102948 0 0 0 0 0 0 0 0 -0.00509645 -0.00102948
-14.500000 0.499942 5.77049e-05 0.499942 5.77049e-05 -0.00525719 -0.00109897 0 0 0 0 0 0 0 0 -0.00525719 -0.00109897
-14.000000 0.499938 6.17025e-05 0.499938 6.17025e-05 -0.00542803 -0.00117478 0 0 0 0 0 0 0 0 -0.00542803 -0.00117478
-13.500000 0.499934 6.61428e-05 0.499934 6.61428e-05 -0.00561053 -0.00125882 0 0 0 0 0 0 0 0 -0.00561053 -0.00125882
-13.000000 0.499929 7.10705e-05 0.499929 7.10705e-05 -0.00580471 -0.00135294 0 0 0 0 0 0 0 0 -0.00580471 -0.00135294
-12.500000 0.499923 7.65352e-05 0.499923 7.65352e-05 -0.00601095 -0.00145752 0 0 0 0 0 0 0 0 -0.00601095 -0.00145752
-12.000000 0.499917 8.26416e-05 0.499917 8.26416e-05 -0.00623148 -0.00157345 0 0 0 0 0 0 0 0 -0.00623148 -0.00157345
-11.500000 0.49991 8.95179e-05 0.49991 8.95179e-05 -0.00646839 -0.00170377 0 0 0 0 0 0 0 0 -0.00646839 -0.00170377
-11.000000 0.499903 9.72652e-05 0.499903 9.72652e-05 -0.006722 -0.0018516 0 0 0 0 0 0 0 0 -0.006722 -0.0018516
-10.500000 0.499894 0.000106001 0.499894 0.000106001 -0.0069931 -0.00201856 0 0 0 0 0 0 0 0 -0.0069931 -0.00201856
-10.000000 0.499884 0.000115931 0.499884 0.000115931 -0.00728467 -0.00220726 0 0 0 0 0 0 0 0 -0.00728467 -0.00220726
-9.500000 0.499873 0.000127311 0.499873 0.000127311 -0.00759943 -0.00242321 0 0 0 0 0 0 0 0 -0.00759943 -0.00242321
-9.000000 0.49986 0.000140383 0.49986 0.000140383 -0.00793791 -0.00267242 0 0 0 0 0 0 0 0 -0.00793791 -0.00267242
-8.500000 0.499845 0.000155436 0.499845 0.000155436 -0.00830116 -0.0029598 0 0 0 0 0 0 0 0 -0.00830116 -0.0029598
-8.000000 0.499827 0.000172921 0.499827 0.000172921 -0.00869261 -0.00329234 0 0 0 0 0 0 0 0 -0.00869261 -0.00329234
-7.500000 0.499807 0.000193415 0.499807 0.000193415 -0.00911475 -0.00368158 0 0 0 0 0 0 0 0 -0.00911475 -0.00368158
-7.000000 0.499782 0.000217528 0.499782 0.000217528 -0.00956669 -0.00414099 0 0 0 0 0 0 0 0 -0.00956669 -0.00414099
-6.500000 0.499754 0.000246014 0.499754 0.000246014 -0.010047 -0.00468435 0 0 0 0 0 0 0 0 -0.010047 -0.00468435
-6.000000 0.49972 0.000279966 0.49972 0.000279966 -0.0105552 -0.00533041 0 0 0 0 0 0 0 0 -0.0105552 -0.00533041
-5.500000 0.499679 0.000320785 0.499679 0.000320785 -0.011086 -0.00610633 0 0 0 0 0 0 0 0 -0.011086 -0.00610633
-5.000000 0.49963 0.000370038 0.49963 0.000370038 -0.0116243 -0.00704428 0 0 0 0 0 0 0 0 -0.0116243 -0.00704428
-4.500000 0.49957 0.000429597 0.49957 0.000429597 -0.012146 -0.00817956 0 0 0 0 0 0 0 0 -0.012146 -0.00817956
-4.000000 0.499498 0.000501884 0.499498 0.000501884 -0.0126146 -0.00955561 0 0 0 0 0 0 0 0 -0.0126146 -0.00955561
-3.500000 0.49941 0.00058958 0.49941 0.00058958 -0.0129664 -0.0112235 0 0 0 0 0 0 0 0 -0.0129664 -0.0112235
-3.000000 0.499305 0.000694782 0.499305 0.000694782 -0.0130954 -0.0132263 0 0 0 0 0 0 0 0 -0.0130954 -0.0132263
-2.500000 0.499182 0.000818082 0.499182 0.000818082 -0.0128493 -0.0155756 0 0 0 0 0 0 0 0 -0.0128493 -0.0155756
-2.000000 0.499043 0.000957056 0.499043 0.000957056 -0.0120276 -0.0182218 0 0 0 0 0 0 0 0 -0.0120276 -0.0182218
-1.500000 0.498897 0.00110308 0.498897 0.00110308 -0.0103978 -0.0209998 0 0 0 0 0 0 0 0 -0.0103978 -0.0209998
-1.000000 0.498762 0.00123803 0.498762 0.00123803 -0.00777821 -0.0235679 0 0 0 0 0 0 0 0 -0.00777821 -0.0235679
-0.500000 0.498664 0.00133577 0.498664 0.00133577 -0.00419465 -0.0254308 0 0 0 0 0 0 0 0 -0.00419465 -0.0254308
0.000000 0.498628 0.00137176 0.498628 0.00137176 0 -0.0261173 0 0 0 0 0 0 0 0 0 -0.0261173
0.500000 0.498664 0.00133577 0.498664 0.00133577 0.00419465 -0.0254308 0 0 0 0 0 0 0 0 0.00419465 -0.0254308
1.000000 0.498762 0.00123803 0.498762 0.00123803 0.00777821 -0.0235679 0 0 0 0 0 0 0 0 0.00777821 -0.0235679
1.500000 0.498897 0.00110308 0.498897 0.00110308 0.0103978 -0.0209998 0 0 0 0 0 0 0 0 0.0103978 -0.0209998
2.000000 0.499043 0.000957056 0.499043 0.000957056 0.0120276 -0.0182218 0 0 0 0 0 0 0 0 0.0120276 -0.0182218
2.500000 0.499182 0.000818082 0.499182 0.000818082 0.0128493 -0.0155756 0 0 0 0 0 0 0 0 0.0128493 -0.0155756
3.000000 0.499305 0.000694782 0.499305 0.000694782 0.0130954 -0.0132263 0 0 0 0 0 0 0 0 0.0130954 -0.0132263
3.500000 0.49941 0.00058958 0.49941 0.00058958 0.0129664 -0.0112235 0 0 0 0 0 0 0 0 0.0129664 -0.0112235
4.000000 0.499498 0.000501884 0.499498 0.000501884 0.0126146 -0.00955561 0 0 0 0 0 0 0 0 0.0126146 -0.00955561
4.500000 0.49957 0.000429597 0.49957 0.000429597 0.012146 -0.00817956 0 0 0 0 0 0 0 0 0.012146 -0.00817956
5.000000 0.49963 0.000370038 0.49963 0.000370038 0.0116243 -0.00704428 0 0 0 0 0 0 0 0 0.0116243 -0.00704428
5.500000 0.499679 0.000320785 0.499679 0.000320785 0.011086 -0.00610633 0 0 0 0 0 0 0 0 0.011086 -0.00610633
6.000000 0.49972 0.000279966 0.49972 0.000279966 0.0105552 -0.00533041 0 0 0 0 0 0 0 0 0.0105552 -0.00533041
6.500000 0.499754 0.000246014 0.499754 0.000246014 0.010047 -0.00468435 0 0 0 0 0 0 0 0 0.010047 -0.00468435
7.000000 0.499782 0.000217528 0.499782 0.000217528 0.00956669 -0.00414099 0 0 0 0 0 0 0 0 0.00956669 -0.00414099
7.500000 0.499807 0.000193415 0.499807 0.000193415 0.00911475 -0.00368158 0 0 0 0 0 0 0 0 0.00911475 -0.00368158
8.000000 0.499827 0.000172921 0.499827 0.000172921 0.00869261 -0.00329234 0 0 0 0 0 0 0 0 0.00869261 -0.00329234
8.500000 0.499845 0.000155436 0.499845 0.000155436 0.00830116 -0.0029598 0 0 0 0 0 0 0 0 0.00830116 -0.0029598
9.000000 0.49986 0.000140383 0.49986 0.000140383 0.00793791 -0.00267242 0 0 0 0 0 0 0 0 0.00793791 -0.00267242
9.500000 0.499873 0.000127311 0.499873 0.000127311 0.00759943 -0.00242321 0 0 0 0 0 0 0 0 0.00759943 -0.00242321
10.000000 0.499884 0.000115931 0.499884 0.000115931 0.00728467 -0.00220726 0 0 0 0 0 0 0 0 0.00728467 -0.00220726
10.500000 0.499894 0.000106001 0.499894 0.000106001 0.0069931 -0.00201856 0 0 0 0 0 0 0 0 0.0069931 -0.00201856
11.000000 0.499903 9.72652e-05 0.499903 9.72652e-05 0.006722 -0.0018516 0 0 0 0 0 0 0 0 0.006722 -0.0018516
11.500000 0.49991 8.95179e-05 0.49991 8.95179e-05 0.00646839 -0.00170377 0 0 0 0 0 0 0 0 0.00646839 -0.00170377
12.000000 0.499917 8.26416e-05 0.499917 8.26416e-05 0.00623148 -0.00157345 0 0 0 0 0 0 0 0 0.00623148 -0.00157345
12.500000 0.499923 7.65352e-05 0.499923 7.65352e-05 0.00601095 -0.00145752 0 0 0 0 0 0 0 0 0.00601095 -0.00145752
13.000000 0.499929 7.10705e-05 0.499929 7.10705e-05 0.00580471 -0.00135294 0 0 0 0 0 0 0 0 0.00580471 -0.00135294
13.500000 0.499934 6.61428e-05 0.499934 6.61428e-05 0.00561053 -0.00125882 0 0 0 0 0 0 0 0 0.00561053 -0.00125882
14.000000 0.499938 6.17025e-05 0.499938 6.17025e-05 0.00542803 -0.00117478 0 0 0 0 0 0 0 0 0.00542803 -0.00117478
14.500000 0.499942 5.77049e-05 0.499942 5.77049e-05 0.00525719 -0.00109897 0 0 0 0 0 0 0 0 0.00525719 -0.00109897
15.000000 0.499946 5.4079e-05 0.499946 5.4079e-05 0.00509645 -0.00102948 0 0 0 0 0 0 0 0 0.00509645 -0.00102948
15.500000 0.499949 5.07658e-05 0.499949 5.07658e-05 0.00494412 -0.00096612 0 0 0 0 0 0 0 0 0.00494412 -0.00096612
16.000000 0.499952 4.77443e-05 0.499952 4.77443e-05 0.00480013 -0.000909028 0 0 0 0 0 0 0 0 0.00480013 -0.000909028
16.500000 0.499955 4.49946e-05 0.499955 4.49946e-05 0.00466464 -0.000856952 0 0 0 0 0 0 0 0 0.00466464 -0.000856952
17.000000 0.499958 4.24737e-05 0.499958 4.24737e-05 0.00453646 -0.000808555 0 0 0 0 0 0 0 0 0.00453646 -0.000808555
17.500000 0.49996 4.01454e-05 0.49996 4.01454e-05 0.00441428 -0.000763967 0 0 0 0 0 0 0 0 0.00441428 -0.000763967
18.000000 0.499962 3.80015e-05 0.499962 3.80015e-05 0.00429818 -0.00072353 0 0 0 0 0 0 0 0 0.00429818 -0.00072353
18.500000 0.499964 3.60336e-05 0.499964 3.60336e-05 0.00418846 -0.000686317 0 0 0 0 0 0 0 0 0.00418846 -0.000686317
19.000000 0.499966 3.42137e-05 0.499966 3.42137e-05 0.00408415 -0.000651313 0 0 0 0 0 0 0 0 0.00408415 -0.000651313
19.500000 0.499967 3.25179e-05 0.499967 3.25179e-05 0.00398421 -0.000618786 0 0 0 0 0 0 0 0 0.00398421 -0.000618786
20.000000 0.499969 3.09441e-05 0.499969 3.09441e-05 0.00388883 -0.00058916 0 0 0 0 0 0 0 0 0.00388883 -0.00058916
20.500000 0.499971 2.94894e-05 0.499971 2.94894e-05 0.00379835 -0.000561699 0 0 0 0 0 0 0 0 0.00379835 -0.000561699
21.000000 0.499972 2.81344e-05 0.499972 2.81344e-05 0.00371198 -0.000535584 0 0 0 0 0 0 0 0 0.00371198 -0.000535584
21.500000 0.499973 2.68624e-05 0.499973 2.68624e-05 0.00362884 -0.000511142 0 0 0 0 0 0 0 0 0.00362884 -0.000511142
22.000000 0.499974 2.56741e-05 0.499974 2.56741e-05 0.0035492 -0.000488823 0 0 0 0 0 0 0 0 0.0035492 -0.000488823
22.500000 0.499975 2.45696e-05 0.499975 2.45696e-05 0.00347341 -0.000468011 0 0 0 0 0 0 0 0 0.00347341 -0.000468011
23.000000 0.499976 2.35345e-05 0.499976 2.35345e-05 0.0034008 -0.000448016 0 0 0 0 0 0 0 0 0.0034008 -0.000448016
23.500000 0.499977 2.25566e-05 0.499977 2.25566e-05 0.00333063 -0.00042919 0 0 0 0 0 0 0 0 0.00333063 -0.00042919
24.000000 0.499978 2.16381e-05 0.499978 2.16381e-05 0.00326319 -0.000411979 0 0 0 0 0 0 0 0 0.00326319 -0.000411979
24.500000 0.499979 2.07802e-05 0.499979 2.07802e-05 0.00319884 -0.000395849 0 0 0 0 0 0 0 0 0.00319884 -0.000395849
25.000000 0.49998 1.99722e-05 0.49998 1.99722e-05 0.003137 -0.000380203 0 0 0 0 0 0 0 0 0.003137 -0.000380203
25.500000 0.499981 1.92047e-05 0.499981 1.92047e-05 0.00307703 -0.000365394 0 0 0 0 0 0 0 0 0.00307703 -0.000365394
26.000000 0.499982 1.84803e-05 0.499982 1.84803e-05 0.00301922 -0.000351856 0 0 0 0 0 0 0 0 0.00301922 -0.000351856
26.500000 0.499982 1.78011e-05 0.499982 1.78011e-05 0.00296394 -0.000339116 0 0 0 0 0 0 0 0 0.00296394 -0.000339116
27.000000 0.499983 1.71586e-05 0.499983 1.71586e-05 0.00291067 -0.000326641 0 0 0 0 0 0 0 0 0.00291067 -0.000326641
27.500000 0.499983 1.65453e-05 0.499983 1.65453e-05 0.00285885 -0.000314781 0 0 0 0 0 0 0 0 0.00285885 -0.000314781
28.000000 0.499984 1.59642e-05 0.499984 1.59642e-05 0.00280877 -0.00030395 0 0 0 0 0 0 0 0 0.00280877 -0.00030395
28.500000 0.499985 1.54175e-05 0.499985 1.54175e-05 0.00276079 -0.000293721 0 0 0 0 0 0 0 0 0.00276079 -0.000293721
29.000000 0.499985 1.48983e-05 0.499985 1.48983e-05 0.00271446 -0.000283613 0 0 0 0 0 0 0 0 0.00271446 -0.000283613
29.500000 0.499986 1.44007e-05 0.499986 1.44007e-05 0.00266925 -0.000273965 0 0 0 0 0 0 0 0 0.00266925 -0.000273965
30.000000 0.499986 1.39275e-05 0.499986 1.39275e-05 0.00262546 -0.000265172 0 0 0 0 0 0 0 0 0.00262546 -0.000265172
30.500000 0.499987 1.3481e-05 0.499987 1.3481e-05 0.00258344 -0.000256842 0 0 0 0 0 0 0 0 0.00258344 -0.000256842
31.000000 0.499987 1.30557e-05 0.499987 1.30557e-05 0.00254278 -0.000248535 0 0 0 0 0 0 0 0 0.00254278 -0.000248535
31.500000 0.499987 1.26464e-05 0.499987 1.26464e-05 0.002503 -0.000240579 0 0 0 0 0 0 0 0 0.002503 -0.000240579
32.000000 0.499988 1.2256e-05 0.499988 1.2256e-05 0.0024644 -0.000233348 0 0 0 0 0 0 0 0 0.0024644 -0.000233348
32.500000 0.499988 1.18868e-05 0.499988 1.18868e-05 0.00242731 -0.000226479 0 0 0 0 0 0 0 0 0.00242731 -0.000226479
33.000000 0.499988 1.1534e-05 0.499988 1.1534e-05 0.00239134 -0.000219568 0 0 0 0 0 0 0 0 0.00239134 -0.000219568
33.500000 0.499989 1.11934e-05 0.499989 1.11934e-05 0.00235608 -0.000212928 0 0 0 0 0 0 0 0 0.00235608 -0.000212928
34.000000 0.499989 1.08676e-05 0.499989 1.08676e-05 0.0023218 -0.000206914 0 0 0 0 0 0 0 0 0.0023218 -0.000206914
34.500000 0.499989 1.05589e-05 0.499989 1.05589e-05 0.00228883 -0.000201188 0 0 0 0 0 0 0 0 0.00228883 -0.000201188
35.000000 0.49999 1.02631e-05 0.49999 1.02631e-05 0.0022568 -0.000195374 0 0 0 0 0 0 0 0 0.0022568 -0.000195374
35.500000 0.49999 9.97663e-06 0.49999 9.97663e-06 0.00222533 -0.000189772 0 0 0 0 0 0 0 0 0.00222533 -0.000189772
36.000000 0.49999 9.70195e-06 0.49999 9.70195e-06 0.00219469 -0.00018472 0 0 0 0 0 0 0 0 0.00219469 -0.00018472
36.500000 0.499991 9.44117e-06 0.499991 9.44117e-06 0.00216519 -0.0001799 0 0 0 0 0 0 0 0 0.00216519 -0.0001799
37.000000 0.499991 9.19077e-06 0.499991 9.19077e-06 0.00213649 -0.000174961 0 0 0 0 0 0 0 0 0.00213649 -0.000174961
37.500000 0.499991 8.94759e-06 0.499991 8.94759e-06 0.00210824 -0.00017019 0 0 0 0 0 0 0 0 0.00210824 -0.00017019
38.000000 0.499991 8.71388e-06 0.499991 8.71388e-06 0.00208069 -0.000165908 0 0 0 0 0 0 0 0 0.00208069 -0.000165908
38.500000 0.499992 8.49166e-06 0.499992 8.49166e-06 0.00205414 -0.000161815 0 0 0 0 0 0 0 0 0.00205414 -0.000161815
39.000000 0.499992 8.27784e-06 0.499992 8.27784e-06 0.00202829 -0.000157582 0 0 0 0 0 0 0 0 0.00202829 -0.000157582
39.500000 0.499992 8.06963e-06 0.499992 8.06963e-06 0.00200278 -0.000153483 0 0 0 0 0 0 0 0 0.00200278 -0.000153483
40.000000 0.499992 7.86915e-06 0.499992 7.86915e-06 0.00197788 -0.000149825 0 0 0 0 0 0 0 0 0.00197788 -0.000149825
40.500000 0.499992 7.67826e-06 0.499992 7.67826e-06 0.00195387 -0.000146323 0 0 0 0 0 0 0 0 0.00195387 -0.000146323
41.000000 0.499993 7.49424e-06 0.499993 7.49424e-06 0.00193045 -0.000142665 0 0 0 0 0 0 0 0 0.00193045 -0.000142665
41.500000 0.499993 7.31463e-06 0.499993 7.31463e-06 0.00190732 -0.000139116 0 0 0 0 0 0 0 0 0.00190732 -0.000139116
42.000000 0.499993 7.14136e-06 0.499993 7.14136e-06 0.0018847 -0.000135968 0 0 0 0 0 0 0 0 0.0018847 -0.000135968
42.500000 0.499993 6.97619e-06 0.499993 6.97619e-06 0.00186288 -0.00013295 0 0 0 0 0 0 0 0 0.00186288 -0.00013295
43.000000 0.499993 6.8167e-06 0.499993 6.8167e-06 0.00184158 -0.000129767 0 0 0 0 0 0 0 0 0.00184158 -0.000129767
43.500000 0.499993 6.66067e-06 0.499993 6.66067e-06 0.00182049 -0.000126673 0 0 0 0 0 0 0 0 0.00182049 -0.000126673
44.000000 0.499993 6.50991e-06 0.499993 6.50991e-06 0.00179986 -0.000123945 0 0 0 0 0 0 0 0 0.00179986 -0.000123945
44.500000 0.499994 6.36606e-06 0.499994 6.36606e-06 0.00177995 -0.000121328 0 0 0 0 0 0 0 0 0.00177995 -0.000121328
45.000000 0.499994 6.22693e-06 0.499994 6.22693e-06 0.00176049 -0.00011854 0 0 0 0 0 0 0 0 0.00176049 -0.00011854
45.500000 0.499994 6.09053e-06 0.499994 6.09053e-06 0.0017412 -0.000115824 0 0 0 0 0 0 0 0 0.0017412 -0.000115824
46.000000 0.499994 5.95855e-06 0.499994 5.95855e-06 0.0017223 -0.000113448 0 0 0 0 0 0 0 0 0.0017223 -0.000113448
46.500000 0.499994 5.83249e-06 0.499994 5.83249e-06 0.00170406 -0.000111164 0 0 0 0 0 0 0 0 0.00170406 -0.000111164
47.000000 0.499994 5.71041e-06 0.499994 5.71041e-06 0.00168622 -0.000108707 0 0 0 0 0 0 0 0 0.00168622 -0.000108707
47.500000 0.499994 5.59049e-06 0.499994 5.59049e-06 0.0016685 -0.000106309 0 0 0 0 0 0 0 0 0.0016685 -0.000106309
48.000000 0.499995 5.47428e-06 0.499995 5.47428e-06 0.00165113 -0.000104228 0 0 0 0 0 0 0 0 0.00165113 -0.000104228
48.500000 0.499995 5.36322e-06 0.499995 5.36322e-06 0.00163435 -0.000102225 0 0 0 0 0 0 0 0 0.00163435 -0.000102225
49.000000 0.499995 5.25551e-06 0.499995 5.25551e-06 0.00161793 -0.000100047 0 0 0 0 0 0 0 0 0.00161793 -0.000100047
49.500000 0.499995 5.14952e-06 0.499995 5.14952e-06 0.0016016 -9.79192e-05 0 0 0 0 0 0 0 0 0.0016016 -9.79192e-05
50.000000 0.499995 5.04668e-06 0.499995 5.04668e-06 0.00158558 -9.60862e-05 0 0 0 0 0 0 0 0 0.00158558 -9.60862e-05
50.500000 0.499995 4.94833e-06 0.499995 4.94833e-06 0.0015701 -9.43218e-05 0 0 0 0 0 0 0 0 0.0015701 -9.43218e-05
51.000000 0.499995 4.85283e-06 0.499995 4.85283e-06 0.00155494 -9.23815e-05 0 0 0 0 0 0 0 0 0.00155494 -9.23815e-05
51.500000 0.499995 4.75868e-06 0.499995 4.75868e-06 0.00153984 -9.0483e-05 0 0 0 0 0 0 0 0 0.00153984 -9.0483e-05
52.000000 0.499995 4.66723e-06 0.499995 4.66723e-06 0.00152502 -8.88617e-05 0 0 0 0 0 0 0 0 0.00152502 -8.88617e-05
52.500000 0.499995 4.57973e-06 0.499995 4.57973e-06 0.0015107 -8.73e-05 0 0 0 0 0 0 0 0 0.0015107 -8.73e-05
53.000000 0.499996 4.49467e-06 0.499996 4.49467e-06 0.00149665 -8.55632e-05 0 0 0 0 0 0 0 0 0.00149665 -8.55632e-05
53.500000 0.499996 4.41067e-06 0.499996 4.41067e-06 0.00148265 -8.38616e-05 0 0 0 0 0 0 0 0 0.00148265 -8.38616e-05
54.000000 0.499996 4.32899e-06 0.499996 4.32899e-06 0.0014689 -8.24217e-05 0 0 0 0 0 0 0 0 0.0014689 -8.24217e-05
54.500000 0.499996 4.25079e-06 0.499996 4.25079e-06 0.00145561 -8.10336e-05 0 0 0 0 0 0 0 0 0.00145561 -8.10336e-05
55.000000 0.499996 4.1747e-06 0.499996 4.1747e-06 0.00144257 -7.94722e-05 0 0 0 0 0 0 0 0 0.00144257 -7.94722e-05
55.500000 0.499996 4.09944e-06 0.499996 4.09944e-06 0.00142955 -7.79404e-05 0 0 0 0 0 0 0 0 0.00142955 -7.79404e-05
56.000000 0.499996 4.02619e-06 0.499996 4.02619e-06 0.00141675 -7.66565e-05 0 0 0 0 0 0 0 0 0.00141675 -7.66565e-05
56.500000 0.499996 3.95603e-06 0.499996 3.95603e-06 0.00140438 -7.54182e-05 0 0 0 0 0 0 0 0 0.00140438 -7.54182e-05
57.000000 0.499996 3.88769e-06 0.499996 3.88769e-06 0.00139224 -7.40086e-05 0 0 0 0 0 0 0 0 0.00139224 -7.40086e-05
57.500000 0.499996 3.82e-06 0.499996 3.82e-06 0.00138011 -7.2624e-05 0 0 0 0 0 0 0 0 0.00138011 -7.2624e-05
58.000000 0.499996 3.75405e-06 0.499996 3.75405e-06 0.00136817 -7.14752e-05 0 0 0 0 0 0 0 0 0.00136817 -7.14752e-05
58.500000 0.499996 3.69087e-06 0.499996 3.69087e-06 0.00135663 -7.03666e-05 0 0 0 0 0 0 0 0 0.00135663 -7.03666e-05
59.000000 0.499996 3.62927e-06 0.499996 3.62927e-06 0.0013453 -6.90892e-05 0 0 0 0 0 0 0 0 0.0013453 -6.90892e-05
59.500000 0.499996 3.56817e-06 0.499996 3.56817e-06 0.00133396 -6.7833e-05 0 0 0 0 0 0 0 0 0.00133396 -6.7833e-05
60.000000 0.499996 3.50858e-06 0.499996 3.50858e-06 0.0013228 -6.68016e-05 0 0 0 0 0 0 0 0 0.0013228 -6.68016e-05
60.500000 0.499997 3.45148e-06 0.499997 3.45148e-06 0.00131202 -6.58058e-05 0 0 0 0 0 0 0 0 0.00131202 -6.58058e-05
61.000000 0.499997 3.39577e-06 0.499997 3.39577e-06 0.00130142 -6.4644e-05 0 0 0 0 0 0 0 0 0.00130142 -6.4644e-05
61.500000 0.499997 3.34042e-06 0.499997 3.34042e-06 0.0012908 -6.35003e-05 0 0 0 0 0 0 0 0 0.0012908 -6.35003e-05
62.000000 0.499997 3.28641e-06 0.499997 3.28641e-06 0.00128034 -6.25714e-05 0 0 0 0 0 0 0 0 0.00128034 -6.25714e-05
62.500000 0.499997 3.23463e-06 0.499997 3.23463e-06 0.00127023 -6.16744e-05 0 0 0 0 0 0 0 0 0.00127023 -6.16744e-05
63.000000 0.499997 3.18408e-06 0.499997 3.18408e-06 0.0012603 -6.06142e-05 0 0 0 0 0 0 0 0 0.0012603 -6.06142e-05
63.500000 0.499997 3.13379e-06 0.499997 3.13379e-06 0.00125033 -5.95694e-05 0 0 0 0 0 0 0 0 0.00125033 -5.95694e-05
64.000000 0.499997 3.08467e-06 0.499997 3.08467e-06 0.00124051 -5.87305e-05 0 0 0 0 0 0 0 0 0.00124051 -5.87305e-05
64.500000 0.499997 3.03758e-06 0.499997 3.03758e-06 0.00123102 -5.79201e-05 0 0 0 0 0 0 0 0 0.00123102 -5.79201e-05
65.000000 0.499997 2.99157e-06 0.499997 2.99157e-06 0.00122169 -5.69495e-05 0 0 0 0 0 0 0 0 0.00122169 -5.69495e-05
65.500000 0.499997 2.94574e-06 0.499997 2.94574e-06 0.00121232 -5.59921e-05 0 0 0 0 0 0 0 0 0.00121232 -5.59921e-05
66.000000 0.499997 2.90094e-06 0.499997 2.90094e-06 0.00120308 -5.52324e-05 0 0 0 0 0 0 0 0 0.00120308 -5.52324e-05
66.500000 0.499997 2.85799e-06 0.499997 2.85799e-06 0.00119416 -5.44983e-05 0 0 0 0 0 0 0 0 0.00119416 -5.44983e-05
67.000000 0.499997 2.816e-06 0.499997 2.816e-06 0.00118537 -5.36071e-05 0 0 0 0 0 0 0 0 0.00118537 -5.36071e-05
67.500000 0.499997 2.77411e-06 0.499997 2.77411e-06 0.00117655 -5.27272e-05 0 0 0 0 0 0 0 0 0.00117655 -5.27272e-05
68.000000 0.499997 2.73314e-06 0.499997 2.73314e-06 0.00116784 -5.20376e-05 0 0 0 0 0 0 0 0 0.00116784 -5.20376e-05
68.500000 0.499997 2.69386e-06 0.499997 2.69386e-06 0.00115943 -5.13711e-05 0 0 0 0 0 0 0 0 0.00115943 -5.13711e-05
69.000000 0.499997 2.65543e-06 0.499997 2.65543e-06 0.00115115 -5.05505e-05 0 0 0 0 0 0 0 0 0.00115115 -5.05505e-05
69.500000 0.499997 2.61705e-06 0.499997 2.61705e-06 0.00114282 -4.97395e-05 0 0 0 0 0 0 0 0 0.00114282 -4.97395e-05
70.000000 0.499997 2.57948e-06 0.499997 2.57948e-06 0.0011346 -4.9112e-05 0 0 0 0 0 0 0 0 0.0011346 -4.9112e-05
70.500000 0.499997 2.54347e-06 0.499997 2.54347e-06 0.00112666 -4.85054e-05 0 0 0 0 0 0 0 0 0.00112666 -4.85054e-05
71.000000 0.499997 2.5082e-06 0.499997 2.5082e-06 0.00111884 -4.77478e-05 0 0 0 0 0 0 0 0 0.00111884 -4.77478e-05
71.500000 0.499998 2.47295e-06 0.499998 2.47295e-06 0.00111097 -4.69985e-05 0 0 0 0 0 0 0 0 0.00111097 -4.69985e-05
72.000000 0.499998 2.43842e-06 0.499998 2.43842e-06 0.0011032 -4.64262e-05 0 0 0 0 0 0 0 0 0.0011032 -4.64262e-05
72.500000 0.499998 2.40532e-06 0.499998 2.40532e-06 0.00109569 -4.5873e-05 0 0 0 0 0 0 0 0 0.00109569 -4.5873e-05
73.000000 0.499998 2.37288e-06 0.499998 2.37288e-06 0.0010883 -4.51718e-05 0 0 0 0 0 0 0 0 0.0010883 -4.51718e-05
73.500000 0.499998 2.34042e-06 0.499998 2.34042e-06 0.00108084 -4.44777e-05 0 0 0 0 0 0 0 0 0.00108084 -4.44777e-05
74.000000 0.499998 2.30861e-06 0.499998 2.30861e-06 0.00107348 -4.39547e-05 0 0 0 0 0 0 0 0 0.00107348 -4.39547e-05
74.500000 0.499998 2.27812e-06 0.499998 2.27812e-06 0.00106638 -4.34492e-05 0 0 0 0 0 0 0 0 0.00106638 -4.34492e-05
75.000000 0.499998 2.24822e-06 0.499998 2.24822e-06 0.00105937 -4.27987e-05 0 0 0 0 0 0 0 0 0.00105937 -4.27987e-05
75.500000 0.499998 2.21827e-06 0.499998 2.21827e-06 0.00105231 -4.21542e-05 0 0 0 0 0 0 0 0 0.00105231 -4.21542e-05
76.000000 0.499998 2.1889e-06 0.499998 2.1889e-06 0.00104532 -4.16754e-05 0 0 0 0 0 0 0 0 0.00104532 -4.16754e-05
76.500000 0.499998 2.16074e-06 0.499998 2.16074e-06 0.00103859 -4.12126e-05 0 0 0 0 0 0 0 0 0.00103859 -4.12126e-05
77.000000 0.499998 2.13313e-06 0.499998 2.13313e-06 0.00103194 -4.06076e-05 0 0 0 0 0 0 0 0 0.00103194 -4.06076e-05
77.500000 0.499998 2.10543e-06 0.499998 2.10543e-06 0.00102523 -4.00079e-05 0 0 0 0 0 0 0 0 0.00102523 -4.00079e-05
78.000000 0.499998 2.07825e-06 0.499998 2.07825e-06 0.0010186 -3.95688e-05 0 0 0 0 0 0 0 0 0.0010186 -3.95688e-05
78.500000 0.499998 2.05221e-06 0.499998 2.05221e-06 0.00101221 -3.91443e-05 0 0 0 0 0 0 0 0 0.00101221 -3.91443e-05
79.000000 0.499998 2.02665e-06 0.499998 2.02665e-06 0.0010059 -3.85806e-05 0 0 0 0 0 0 0 0 0.0010059 -3.85806e-05
79.500000 0.499998 2.00098e-06 0.499998 2.00098e-06 0.000999517 -3.80213e-05 0 0 0 0 0 0 0 0 0.000999517 -3.80213e-05
80.000000 0.499998 1.97579e-06 0.499998 1.97579e-06 0.000993213 -3.76179e-05 0 0 0 0 0 0 0 0 0.000993213 -3.76179e-05
80.500000 0.499998 1.95164e-06 0.499998 1.95164e-06 0.000987131 -3.7228e-05 0 0 0 0 0 0 0 0 0.000987131 -3.7228e-05
81.000000 0.499998 1.92794e-06 0.499998 1.92794e-06 0.00098113 -3.67016e-05 0 0 0 0 0 0 0 0 0.00098113 -3.67016e-05
81.500000 0.499998 1.90411e-06 0.499998 1.90411e-06 0.000975058 -3.61789e-05 0 0 0 0 0 0 0 0 0.000975058 -3.61789e-05
82.000000 0.499998 1.88071e-06 0.499998 1.88071e-06 0.000969055 -3.58077e-05 0 0 0 0 0 0 0 0 0.000969055 -3.58077e-05
82.500000 0.499998 1.85829e-06 0.499998 1.85829e-06 0.000963266 -3.5449e-05 0 0 0 0 0 0 0 0 0.000963266 -3.5449e-05
83.000000 0.499998 1.83627e-06 0.499998 1.83627e-06 0.000957552 -3.49565e-05 0 0 0 0 0 0 0 0 0.000957552 -3.49565e-05
83.500000 0.499998 1.81411e-06 0.499998 1.81411e-06 0.000951766 -3.44671e-05 0 0 0 0 0 0 0 0 0.000951766 -3.44671e-05
84.000000 0.499998 1.79234e-06 0.499998 1.79234e-06 0.000946044 -3.41251e-05 0 0 0 0 0 0 0 0 0.000946044 -3.41251e-05
84.500000 0.499998 1.77148e-06 0.499998 1.77148e-06 0.000940527 -3.37946e-05 0 0 0 0 0 0 0 0 0.000940527 -3.37946e-05
85.000000 0.499998 1.75098e-06 0.499998 1.75098e-06 0.00093508 -3.33329e-05 0 0 0 0 0 0 0 0 0.00093508 -3.33329e-05
85.500000 0.499998 1.73033e-06 0.499998 1.73033e-06 0.000929559 -3.28739e-05 0 0 0 0 0 0 0 0 0.000929559 -3.28739e-05
86.000000 0.499998 1.71005e-06 0.499998 1.71005e-06 0.000924098 -3.25583e-05 0 0 0 0 0 0 0 0 0.000924098 -3.25583e-05
86.500000 0.499998 1.69061e-06 0.499998 1.69061e-06 0.000918835 -3.22533e-05 0 0 0 0 0 0 0 0 0.000918835 -3.22533e-05
87.000000 0.499998 1.6715e-06 0.499998 1.6715e-06 0.000913636 -3.18198e-05 0 0 0 0 0 0 0 0 0.000913636 -3.18198e-05
87.500000 0.499998 1.65223e-06 0.499998 1.65223e-06 0.000908364 -3.13886e-05 0 0 0 0 0 0 0 0 0.000908364 -3.13886e-05
88.000000 0.499998 1.63329e-06 0.499998 1.63329e-06 0.000903146 -3.10969e-05 0 0 0 0 0 0 0 0 0.000903146 -3.10969e-05
88.500000 0.499998 1.61515e-06 0.499998 1.61515e-06 0.00089812 -3.08152e-05 0 0 0 0 0 0 0 0 0.00089812 -3.08152e-05
89.000000 0.499998 1.59731e-06 0.499998 1.59731e-06 0.000893154 -3.04074e-05 0 0 0 0 0 0 0 0 0.000893154 -3.04074e-05
89.500000 0.499998 1.5793e-06 0.499998 1.5793e-06 0.000888113 -3.00015e-05 0 0 0 0 0 0 0 0 0.000888113 -3.00015e-05
90.000000 0.499998 1.56159e-06 0.499998 1.56159e-06 0.000883123 -2.97317e-05 0 0 0 0 0 0 0 0 0.000883123 -2.97317e-05
90.500000 0.499998 1.54463e-06 0.499998 1.54463e-06 0.000878317 -2.94712e-05 0 0 0 0 0 0 0 0 0.000878317 -2.94712e-05
91.000000 0.499998 1.52794e-06 0.499998 1.52794e-06 0.000873568 -2.9087e-05 0 0 0 0 0 0 0 0 0.000873568 -2.9087e-05
91.500000 0.499998 1.51109e-06 0.499998 1.51109e-06 0.000868743 -2.87044e-05 0 0 0 0 0 0 0 0 0.000868743 -2.87044e-05
92.000000 0.499999 1.49451e-06 0.499999 1.49451e-06 0.000863967 -2.84545e-05 0 0 0 0 0 0 0 0 0.000863967 -2.84545e-05
92.500000 0.499999 1.47863e-06 0.499999 1.47863e-06 0.000859368 -2.82133e-05 0 0 0 0 0 0 0 0 0.000859368 -2.82133e-05
93.000000 0.499999 1.463e-06 0.499999 1.463e-06 0.000854822 -2.78507e-05 0 0 0 0 0 0 0 0 0.000854822 -2.78507e-05
93.500000 0.499999 1.4472e-06 0.499999 1.4472e-06 0.0008502 -2.74894e-05 0 0 0 0 0 0 0 0 0.0008502 -2.74894e-05
94.000000 0.499999 1.43165e-06 0.499999 1.43165e-06 0.000845623 -2.72578e-05 0 0 0 0 0 0 0 0 0.000845623 -2.72578e-05
94.500000 0.499999 1.41677e-06 0.499999 1.41677e-06 0.000841218 -2.70342e-05 0 0 0 0 0 0 0 0 0.000841218 -2.70342e-05
95.000000 0.499999 1.40211e-06 0.499999 1.40211e-06 0.000836863 -2.66916e-05 0 0 0 0 0 0 0 0 0.000836863 -2.66916e-05
95.500000 0.499999 1.38728e-06 0.499999 1.38728e-06 0.000832431 -2.635e-05 0 0 0 0 0 0 0 0 0.000832431 -2.635e-05
96.000000 0.499999 1.37268e-06 0.499999 1.37268e-06 0.000828042 -2.6135e-05 0 0 0 0 0 0 0 0 0.000828042 -2.6135e-05
96.500000 0.499999 1.35871e-06 0.499999 1.35871e-06 0.000823818 -2.59276e-05 0 0 0 0 0 0 0 0 0.000823818 -2.59276e-05
97.000000 0.499999 1.34495e-06 0.499999 1.34495e-06 0.000819642 -2.56033e-05 0 0 0 0 0 0 0 0 0.000819642 -2.56033e-05
97.500000 0.499999 1.331e-06 0.499999 1.331e-06 0.000815389 -2.52798e-05 0 0 0 0 0 0 0 0 0.000815389 -2.52798e-05
98.000000 0.499999 1.31728e-06 0.499999 1.31728e-06 0.000811176 -2.50801e-05 0 0 0 0 0 0 0 0 0.000811176 -2.50801e-05
98.500000 0.499999 1.30414e-06 0.499999 1.30414e-06 0.000807123 -2.48876e-05 0 0 0 0 0 0 0 0 0.000807123 -2.48876e-05
99.000000 0.499999 1.2912e-06 0.499999 1.2912e-06 0.000803115 -2.45803e-05 0 0 0 0 0 0 0 0 0.000803115 -2.45803e-05
99.500000 0.499999 1.27808e-06 0.499999 1.27808e-06 0.00079903 -2.42735e-05 0 0 0 0 0 0 0 0 0.00079903 -2.42735e-05
100.000000 0.499999 1.26516e-06 0.499999 1.26516e-06 0.000794982 -2.40879e-05 0 0 0 0 0 0 0 0 0.000794982 -2.40879e-05
100.500000 0.499999 1.2528e-06 0.499999 1.2528e-06 0.000791091 -2.39089e-05 0 0 0 0 0 0 0 0 0.000791091 -2.39089e-05
101.000000 0.499999 1.24062e-06 0.499999 1.24062e-06 0.000787241 -2.36173e-05 0 0 0 0 0 0 0 0 0.000787241 -2.36173e-05
101.500000 0.499999 1.22826e-06 0.499999 1.22826e-06 0.000783314 -2.33261e-05 0 0 0 0 0 0 0 0 0.000783314 -2.33261e-05
102.000000 0.499999 1.21608e-06 0.499999 1.21608e-06 0.000779422 -2.31533e-05 0 0 0 0 0 0 0 0 0.000779422 -2.31533e-05
102.500000 0.499999 1.20443e-06 0.499999 1.20443e-06 0.000775682 -2.29869e-05 0 0 0 0 0 0 0 0 0.000775682 -2.29869e-05
103.000000 0.499999 1.19295e-06 0.499999 1.19295e-06 0.000771982 -2.27099e-05 0 0 0 0 0 0 0 0 0.000771982 -2.27099e-05
103.500000 0.499999 1.18129e-06 0.499999 1.18129e-06 0.000768204 -2.2433e-05 0 0 0 0 0 0 0 0 0.000768204 -2.2433e-05
104.000000 0.499999 1.16979e-06 0.499999 1.16979e-06 0.000764459 -2.22721e-05 0 0 0 0 0 0 0 0 0.000764459 -2.22721e-05
104.500000 0.499999 1.15881e-06 0.499999 1.15881e-06 0.000760862 -2.21173e-05 0 0 0 0 0 0 0 0 0.000760862 -2.21173e-05
105.000000 0.499999 1.14797e-06 0.499999 1.14797e-06 0.000757302 -2.18537e-05 0 0 0 0 0 0 0 0 0.000757302 -2.18537e-05
105.500000 0.499999 1.13696e-06 0.499999 1.13696e-06 0.000753665 -2.15902e-05 0 0 0 0 0 0 0 0 0.000753665 -2.15902e-05
106.000000 0.499999 1.1261e-06 0.499999 1.1261e-06 0.000750059 -2.14403e-05 0 0 0 0 0 0 0 0 0.000750059 -2.14403e-05
106.500000 0.499999 1.11573e-06 0.499999 1.11573e-06 0.000746597 -2.12961e-05 0 0 0 0 0 0 0 0 0.000746597 -2.12961e-05
107.000000 0.499999 1.10549e-06 0.499999 1.10549e-06 0.00074317 -2.1045e-05 0 0 0 0 0 0 0 0 0.00074317 -2.1045e-05
107.500000 0.499999 1.09508e-06 0.499999 1.09508e-06 0.000739666 -2.07939e-05 0 0 0 0 0 0 0 0 0.000739666 -2.07939e-05
108.000000 0.499999 1.08481e-06 0.499999 1.08481e-06 0.000736192 -2.06542e-05 0 0 0 0 0 0 0 0 0.000736192 -2.06542e-05
108.500000 0.499999 1.075e-06 0.499999 1.075e-06 0.000732857 -2.05198e-05 0 0 0 0 0 0 0 0 0.000732857 -2.05198e-05
109.000000 0.499999 1.06533e-06 0.499999 1.06533e-06 0.000729555 -2.02804e-05 0 0 0 0 0 0 0 0 0.000729555 -2.02804e-05
109.500000 0.499999 1.05547e-06 0.499999 1.05547e-06 0.000726177 -2.00408e-05 0 0 0 0 0 0 0 0 0.000726177 -2.00408e-05
110.000000 0.499999 1.04575e-06 0.499999 1.04575e-06 0.000722827 -1.99105e-05 0 0 0 0 0 0 0 0 0.000722827 -1.99105e-05
110.500000 0.499999 1.03647e-06 0.499999 1.03647e-06 0.000719612 -1.97853e-05 0 0 0 0 0 0 0 0 0.000719612 -1.97853e-05
111.000000 0.499999 1.02731e-06 0.499999 1.02731e-06 0.00071643 -1.95567e-05 0 0 0 0 0 0 0 0 0.00071643 -1.95567e-05
111.500000 0.499999 1.01798e-06 0.499999 1.01798e-06 0.000713171 -1.93279e-05 0 0 0 0 0 0 0 0 0.000713171 -1.93279e-05
112.000000 0.499999 1.00877e-06 0.499999 1.00877e-06 0.000709938 -1.92063e-05 0 0 0 0 0 0 0 0 0.000709938 -1.92063e-05
112.500000 0.499999 9.99973e-07 0.499999 9.99973e-07 0.000706838 -1.90895e-05 0 0 0 0 0 0 0 0 0.000706838 -1.90895e-05
113.000000 0.499999 9.91296e-07 0.499999 9.91296e-07 0.000703768 -1.88711e-05 0 0 0 0 0 0 0 0 0.000703768 -1.88711e-05
113.500000 0.499999 9.82443e-07 0.499999 9.82443e-07 0.000700623 -1.86523e-05 0 0 0 0 0 0 0 0 0.000700623 -1.86523e-05
114.000000 0.499999 9.73707e-07 0.499999 9.73707e-07 0.000697501 -1.85387e-05 0 0 0 0 0 0 0 0 0.000697501 -1.85387e-05
114.500000 0.499999 9.65369e-07 0.499999 9.65369e-07 0.000694509 -1.84298e-05 0 0 0 0 0 0 0 0 0.000694509 -1.84298e-05
115.000000 0.499999 9.5714e-07 0.499999 9.5714e-07 0.000691546 -1.82208e-05 0 0 0 0 0 0 0 0 0.000691546 -1.82208e-05
115.500000 0.499999 9.48737e-07 0.499999 9.48737e-07 0.000688507 -1.80115e-05 0 0 0 0 0 0 0 0 0.000688507 -1.80115e-05
116.000000 0.499999 9.40443e-07 0.499999 9.40443e-07 0.000685492 -1.79054e-05 0 0 0 0 0 0 0 0 0.000685492 -1.79054e-05
116.500000 0.499999 9.3253e-07 0.499999 9.3253e-07 0.000682603 -1.78037e-05 0 0 0 0 0 0 0 0 0.000682603 -1.78037e-05
117.000000 0.499999 9.24719e-07 0.499999 9.24719e-07 0.000679741 -1.76037e-05 0 0 0 0 0 0 0 0 0.000679741 -1.76037e-05
117.500000 0.499999 9.16736e-07 0.499999 9.16736e-07 0.000676804 -1.74032e-05 0 0 0 0 0 0 0 0 0.000676804 -1.74032e-05
118.000000 0.499999 9.08855e-07 0.499999 9.08855e-07 0.000673889 -1.7304e-05 0 0 0 0 0 0 0 0 0.000673889 -1.7304e-05
118.500000 0.499999 9.01339e-07 0.499999 9.01339e-07 0.000671097 -1.7209e-05 0 0 0 0 0 0 0 0 0.000671097 -1.7209e-05
119.000000 0.499999 8.93917e-07 0.499999 8.93917e-07 0.000668332 -1.70173e-05 0 0 0 0 0 0 0 0 0.000668332 -1.70173e-05
119.500000 0.499999 8.86327e-07 0.499999 8.86327e-07 0.000665491 -1.68251e-05 0 0 0 0 0 0 0 0 0.000665491 -1.68251e-05
120.000000 0.499999 8.78832e-07 0.499999 8.78832e-07 0.000662672 -1.67324e-05 0 0 0 0 0 0 0 0 0.000662672 -1.67324e-05
120.500000 0.499999 8.71686e-07 0.499999 8.71686e-07 0.000659973 -1.66437e-05 0 0 0 0 0 0 0 0 0.000659973 -1.66437e-05
121.000000 0.499999 8.64629e-07 0.499999 8.64629e-07 0.000657299 -1.64598e-05 0 0 0 0 0 0 0 0 0.000657299 -1.64598e-05
121.500000 0.499999 8.57406e-07 0.499999 8.57406e-07 0.000654551 -1.62753e-05 0 0 0 0 0 0 0 0 0.000654551 -1.62753e-05
122.000000 0.499999 8.50271e-07 0.499999 8.50271e-07 0.000651822 -1.61886e-05 0 0 0 0 0 0 0 0 0.000651822 -1.61886e-05
122.500000 0.499999 8.43472e-07 0.499999 8.43472e-07 0.000649211 -1.61058e-05 0 0 0 0 0 0 0 0 0.000649211 -1.61058e-05
123.000000 0.499999 8.36756e-07 0.499999 8.36756e-07 0.000646624 -1.59292e-05 0 0 0 0 0 0 0 0 0.000646624 -1.59292e-05
123.500000 0.499999 8.29877e-07 0.499999 8.29877e-07 0.000643964 -1.57519e-05 0 0 0 0 0 0 0 0 0.000643964 -1.57519e-05
124.000000 0.499999 8.23081e-07 0.499999 8.23081e-07 0.000641322 -1.56709e-05 0 0 0 0 0 0 0 0 0.000641322 -1.56709e-05
124.500000 0.499999 8.16606e-07 0.499999 8.16606e-07 0.000638795 -1.55935e-05 0 0 0 0 0 0 0 0 0.000638795 -1.55935e-05
125.000000 0.499999 8.1021e-07 0.499999 8.1021e-07 0.000636291 -1.54238e-05 0 0 0 0 0 0 0 0 0.000636291 -1.54238e-05
125.500000 0.499999 8.03653e-07 0.499999 8.03653e-07 0.000633713 -1.52534e-05 0 0 0 0 0 0 0 0 0.000633713 -1.52534e-05
126.000000 0.499999 7.97174e-07 0.499999 7.97174e-07 0.000631154 -1.51776e-05 0 0 0 0 0 0 0 0 0.000631154 -1.51776e-05
126.500000 0.499999 7.91004e-07 0.499999 7.91004e-07 0.000628707 -1.51054e-05 0 0 0 0 0 0 0 0 0.000628707 -1.51054e-05
127.000000 0.499999 7.84907e-07 0.499999 7.84907e-07 0.000626282 -1.49421e-05 0 0 0 0 0 0 0 0 0.000626282 -1.49421e-05
127.500000 0.499999 7.78652e-07 0.499999 7.78652e-07 0.000623784 -1.47782e-05 0 0 0 0 0 0 0 0 0.000623784 -1.47782e-05
128.000000 0.499999 7.7247e-07 0.499999 7.7247e-07 0.000621303 -1.47073e-05 0 0 0 0 0 0 0 0 0.000621303 -1.47073e-05
128.500000 0.499999 7.66586e-07 0.499999 7.66586e-07 0.000618933 -1.46398e-05 0 0 0 0 0 0 0 0 0.000618933 -1.46398e-05
129.000000 0.499999 7.60771e-07 0.499999 7.60771e-07 0.000616583 -1.44827e-05 0 0 0 0 0 0 0 0 0.000616583 -1.44827e-05
129.500000 0.499999 7.548e-07 0.499999 7.548e-07 0.000614161 -1.43248e-05 0 0 0 0 0 0 0 0 0.000614161 -1.43248e-05
130.000000 0.499999 7.48898e-07 0.499999 7.48898e-07 0.000611755 -1.42585e-05 0 0 0 0 0 0 0 0 0.000611755 -1.42585e-05
130.500000 0.499999 7.43282e-07 0.499999 7.43282e-07 0.000609458 -1.41954e-05 0 0 0 0 0 0 0 0 0.000609458 -1.41954e-05
131.000000 0.499999 7.37731e-07 0.499999 7.37731e-07 0.00060718 -1.40441e-05 0 0 0 0 0 0 0 0 0.00060718 -1.40441e-05
131.500000 0.499999 7.32027e-07 0.499999 7.32027e-07 0.00060483 -1.38919e-05 0 0 0 0 0 0 0 0 0.00060483 -1.38919e-05
132.000000 0.499999 7.26388e-07 0.499999 7.26388e-07 0.000602496 -1.38299e-05 0 0 0 0 0 0 0 0 0.000602496 -1.38299e-05
132.500000 0.499999 7.21024e-07 0.499999 7.21024e-07 0.000600268 -1.3771e-05 0 0 0 0 0 0 0 0 0.000600268 -1.3771e-05
133.000000 0.499999 7.15722e-07 0.499999 7.15722e-07 0.000598059 -1.36251e-05 0 0 0 0 0 0 0 0 0.000598059 -1.36251e-05
133.500000 0.499999 7.10269e-07 0.499999 7.10269e-07 0.000595778 -1.34784e-05 0 0 0 0 0 0 0 0 0.000595778 -1.34784e-05
134.000000 0.499999 7.04878e-07 0.499999 7.04878e-07 0.000593513 -1.34203e-05 0 0 0 0 0 0 0 0 0.000593513 -1.34203e-05
134.500000 0.499999 6.99752e-07 0.499999 6.99752e-07 0.000591351 -1.33653e-05 0 0 0 0 0 0 0 0 0.000591351 -1.33653e-05
135.000000 0.499999 6.94683e-07 0.499999 6.94683e-07 0.000589208 -1.32246e-05 0 0 0 0 0 0 0 0 0.000589208 -1.32246e-05
135.500000 0.499999 6.89467e-07 0.499999 6.89467e-07 0.000586994 -1.3083e-05 0 0 0 0 0 0 0 0 0.000586994 -1.3083e-05
136.000000 0.499999 6.84309e-07 0.499999 6.84309e-07 0.000584794 -1.30287e-05 0 0 0 0 0 0 0 0 0.000584794 -1.30287e-05
136.500000 0.499999 6.79406e-07 0.499999 6.79406e-07 0.000582695 -1.29774e-05 0 0 0 0 0 0 0 0 0.000582695 -1.29774e-05
137.000000 0.499999 6.74558e-07 0.499999 6.74558e-07 0.000580615 -1.28415e-05 0 0 0 0 0 0 0 0 0.000580615 -1.28415e-05
137.500000 0.499999 6.69566e-07 0.499999 6.69566e-07 0.000578464 -1.27047e-05 0 0 0 0 0 0 0 0 0.000578464 -1.27047e-05
138.000000 0.499999 6.64627e-07 0.499999 6.64627e-07 0.000576327 -1.2654e-05 0 0 0 0 0 0 0 0 0.000576327 -1.2654e-05
138.500000 0.499999 6.59936e-07 0.499999 6.59936e-07 0.000574289 -1.26061e-05 0 0 0 0 0 0 0 0 0.000574289 -1.26061e-05
139.000000 0.499999 6.55295e-07 0.499999 6.55295e-07 0.000572268 -1.24748e-05 0 0 0 0 0 0 0 0 0.000572268 -1.24748e-05
139.500000 0.499999 6.50513e-07 0.499999 6.50513e-07 0.000570178 -1.23426e-05 0 0 0 0 0 0 0 0 0.000570178 -1.23426e-05
140.000000 0.499999 6.45782e-07 0.499999 6.45782e-07 0.000568101 -1.22952e-05 0 0 0 0 0 0 0 0 0.000568101 -1.22952e-05
140.500000 0.499999 6.4129e-07 0.499999 6.4129e-07 0.000566122 -1.22505e-05 0 0 0 0 0 0 0 0 0.000566122 -1.22505e-05
141.000000 0.499999 6.36846e-07 0.499999 6.36846e-07 0.000564159 -1.21235e-05 0 0 0 0 0 0 0 0 0.000564159 -1.21235e-05
141.500000 0.499999 6.32262e-07 0.499999 6.32262e-07 0.000562127 -1.19958e-05 0 0 0 0 0 0 0 0 0.000562127 -1.19958e-05
142.000000 0.499999 6.27727e-07 0.499999 6.27727e-07 0.000560107 -1.19514e-05 0 0 0 0 0 0 0 0 0.000560107 -1.19514e-05
142.500000 0.499999 6.23423e-07 0.499999 6.23423e-07 0.000558184 -1.19098e-05 0 0 0 0 0 0 0 0 0.000558184 -1.19098e-05
143.000000 0.499999 6.19164e-07 0.499999 6.19164e-07 0.000556276 -1.1787e-05 0 0 0 0 0 0 0 0 0.000556276 -1.1787e-05
143.500000 0.499999 6.14769e-07 0.499999 6.14769e-07 0.000554299 -1.16633e-05 0 0 0 0 0 0 0 0 0.000554299 -1.16633e-05
144.000000 0.499999 6.10419e-07 0.499999 6.10419e-07 0.000552335 -1.16219e-05 0 0 0 0 0 0 0 0 0.000552335 -1.16219e-05
144.500000 0.499999 6.06293e-07 0.499999 6.06293e-07 0.000550465 -1.15831e-05 0 0 0 0 0 0 0 0 0.000550465 -1.15831e-05
145.000000 0.499999 6.02209e-07 0.499999 6.02209e-07 0.00054861 -1.14642e-05 0 0 0 0 0 0 0 0 0.00054861 -1.14642e-05
145.500000 0.499999 5.97992e-07 0.499999 5.97992e-07 0.000546687 -1.13444e-05 0 0 0 0 0 0 0 0 0.000546687 -1.13444e-05
146.000000 0.499999 5.93817e-07 0.499999 5.93817e-07 0.000544775 -1.13058e-05 0 0 0 0 0 0 0 0 0.000544775 -1.13058e-05
146.500000 0.499999 5.89859e-07 0.499999 5.89859e-07 0.000542956 -1.12696e-05 0 0 0 0 0 0 0 0 0.000542956 -1.12696e-05
147.000000 0.499999 5.85941e-07 0.499999 5.85941e-07 0.000541152 -1.11545e-05 0 0 0 0 0 0 0 0 0.000541152 -1.11545e-05
147.500000 0.499999 5.81892e-07 0.499999 5.81892e-07 0.00053928 -1.10385e-05 0 0 0 0 0 0 0 0 0.00053928 -1.10385e-05
148.000000 0.499999 5.77883e-07 0.499999 5.77883e-07 0.00053742 -1.10024e-05 0 0 0 0 0 0 0 0 0.00053742 -1.10024e-05
148.500000 0.499999 5.74084e-07 0.499999 5.74084e-07 0.00053565 -1.09688e-05 0 0 0 0 0 0 0 0 0.00053565 -1.09688e-05
149.000000 0.499999 5.70323e-07 0.499999 5.70323e-07 0.000533894 -1.08572e-05 0 0 0 0 0 0 0 0 0.000533894 -1.08572e-05
149.500000 0.499999 5.66433e-07 0.499999 5.66433e-07 0.000532072 -1.07447e-05 0 0 0 0 0 0 0 0 0.000532072 -1.07447e-05
150.000000 0.499999 5.62582e-07 0.499999 5.62582e-07 0.00053026 -1.07111e-05 0 0 0 0 0 0 0 0 0.00053026 -1.07111e-05
150.500000 0.499999 5.58933e-07 0.499999 5.58933e-07 0.000528538 -1.06798e-05 0 0 0 0 0 0 0 0 0.000528538 -1.06798e-05
151.000000 0.499999 5.55321e-07 0.499999 5.55321e-07 0.000526829 -1.05716e-05 0 0 0 0 0 0 0 0 0.000526829 -1.05716e-05
151.500000 0.499999 5.51583e-07 0.499999 5.51583e-07 0.000525054 -1.04625e-05 0 0 0 0 0 0 0 0 0.000525054 -1.04625e-05
152.000000 0.499999 5.4788e-07 0.499999 5.4788e-07 0.000523288 -1.04312e-05 0 0 0 0 0 0 0 0 0.000523288 -1.04312e-05
152.500000 0.499999 5.44375e-07 0.499999 5.44375e-07 0.000521612 -1.04021e-05 0 0 0 0 0 0 0 0 0.000521612 -1.04021e-05
153.000000 0.499999 5.40904e-07 0.499999 5.40904e-07 0.000519947 -1.02971e-05 0 0 0 0 0 0 0 0 0.000519947 -1.02971e-05
153.500000 0.499999 5.37308e-07 0.499999 5.37308e-07 0.000518218 -1.01912e-05 0 0 0 0 0 0 0 0 0.000518218 -1.01912e-05
154.000000 0.499999 5.33748e-07 0.499999 5.33748e-07 0.000516498 -1.01621e-05 0 0 0 0 0 0 0 0 0.000516498 -1.01621e-05
154.500000 0.499999 5.30378e-07 0.499999 5.30378e-07 0.000514865 -1.01352e-05 0 0 0 0 0 0 0 0 0.000514865 -1.01352e-05
155.000000 0.499999 5.2704e-07 0.499999 5.2704e-07 0.000513244 -1.00332e-05 0 0 0 0 0 0 0 0 0.000513244 -1.00332e-05
155.500000 0.499999 5.23581e-07 0.499999 5.23581e-07 0.000511558 -9.93039e-06 0 0 0 0 0 0 0 0 0.000511558 -9.93039e-06
156.000000 0.499999 5.20155e-07 0.499999 5.20155e-07 0.000509881 -9.90331e-06 0 0 0 0 0 0 0 0 0.000509881 -9.90331e-06
156.500000 0.499999 5.16913e-07 0.499999 5.16913e-07 0.00050829 -9.87836e-06 0 0 0 0 0 0 0 0 0.00050829 -9.87836e-06
157.000000 0.499999 5.13703e-07 0.499999 5.13703e-07 0.00050671 -9.77933e-06 0 0 0 0 0 0 0 0 0.00050671 -9.77933e-06
157.500000 0.499999 5.10373e-07 0.499999 5.10373e-07 0.000505067 -9.67941e-06 0 0 0 0 0 0 0 0 0.000505067 -9.67941e-06
158.000000 0.499999 5.07074e-07 0.499999 5.07074e-07 0.000503432 -9.65427e-06 0 0 0 0 0 0 0 0 0.000503432 -9.65427e-06
158.500000 0.499999 5.03955e-07 0.499999 5.03955e-07 0.000501881 -9.63119e-06 0 0 0 0 0 0 0 0 0.000501881 -9.63119e-06
159.000000 0.499999 5.00866e-07 0.499999 5.00866e-07 0.000500341 -9.53495e-06 0 0 0 0 0 0 0 0 0.000500341 -9.53495e-06
159.500000 0.5 4.97659e-07 0.5 4.97659e-07 0.000498738 -9.43782e-06 0 0 0 0 0 0 0 0 0.000498738 -9.43782e-06
